# David Jimenez-Morales and Jie Liang
# Pattern of Amino Acid Substitution in Transmembrane Segments of Beta-Barrel Membrane Proteins
# bbTMout Matrix's Relative Entropy (Average Score per pair) -14.6123 bits
# Lowest score = -25 , Highest score = 25 
    A   R   N   D   C   Q   E   G   H   I   L   K   M   F   P   S   T   W   Y   V   B   Z   X
A   7 -22 -22 -23 -21 -21 -18  -6 -22 -11 -11 -23 -15 -12 -17 -12  -8 -19 -18  -6 -22 -12 -15 
R -22  14 -16 -18 -21 -14 -17 -19 -15 -21 -21 -13 -22 -23 -23 -20 -17 -21 -17 -22 -17 -18 -17 
N -22 -16  13 -10 -21 -12 -17 -17 -16 -23 -21 -16 -17 -22 -23 -12 -12 -23 -19 -22   2 -17 -16 
D -23 -18 -10  14 -21 -16 -14 -17 -21 -23 -20 -15 -21 -23 -23 -17 -20 -23 -20 -23   2 -15 -17 
C -23 -22 -20 -21  25 -20 -20 -23 -23 -23 -25 -23 -23 -23 -22 -23 -21 -23 -20 -21 -20 -21 -19 
Q -21 -14 -12 -16 -19  12 -13 -21 -11 -22 -22 -15 -18 -21 -19 -17 -12 -20 -16 -20 -14 -17 -15 
E -18 -17 -17 -14 -21 -13  17 -20 -21 -23 -21 -22 -23 -22 -25 -20 -17 -22 -22 -20 -15  -1 -18 
G  -6 -19 -17 -17 -21 -21 -20   8 -23 -19 -16 -22 -19 -16 -18 -13 -12 -21 -19 -17 -17  -6 -16 
H -22 -15 -16 -21 -21 -11 -21 -23  13 -21 -20 -19 -22 -22 -23 -18 -21 -18 -14 -23 -18 -22 -17 
I -11 -21 -23 -23 -21 -22 -23 -19 -21   8  -5 -23 -11 -10 -23 -20 -17 -18 -19  -1 -23 -21 -16 
L -11 -21 -21 -20 -23 -22 -21 -16 -20  -5   6 -22 -10  -6 -20 -20 -15 -14 -15  -4 -20 -18 -15 
K -23 -13 -16 -15 -21 -15 -22 -22 -19 -23 -22  15 -21 -21 -21 -19 -17 -22 -21 -23 -15 -22 -18 
M -15 -22 -17 -21 -21 -18 -23 -19 -22 -11 -10 -21  12 -12 -23 -19 -13 -19 -19 -12 -19 -21 -16 
F -12 -23 -22 -23 -21 -21 -22 -16 -22 -10  -6 -21 -12   8 -18 -19 -20 -12 -10  -9 -22 -19 -15 
P -17 -23 -23 -23 -21 -19 -25 -18 -23 -23 -20 -21 -23 -18  12 -17 -18 -22 -25 -23 -23 -21 -19 
S -12 -20 -12 -17 -21 -17 -20 -13 -18 -20 -20 -19 -19 -19 -17  11  -9 -22 -20 -19 -14 -16 -16 
T  -8 -17 -12 -20 -21 -12 -17 -12 -21 -17 -15 -17 -13 -20 -18  -9   9 -21 -17 -12 -16 -14 -14 
W -19 -21 -23 -23 -21 -20 -22 -21 -18 -18 -14 -22 -19 -12 -22 -22 -21  10  -9 -14 -23 -21 -17 
Y -18 -17 -19 -20 -21 -16 -22 -19 -14 -19 -15 -21 -19 -10 -25 -20 -17  -9   6 -17 -19 -20 -16 
V  -6 -22 -22 -23 -21 -20 -20 -17 -23  -1  -4 -23 -12  -9 -23 -19 -12 -14 -17   7 -22 -18 -15 
B -22 -17   2   2 -20 -14 -15 -17 -18 -23 -20 -15 -19 -22 -23 -14 -16 -23 -19 -22  14 -14 -16 
Z -12 -18 -17 -15 -21 -17  -1  -6 -22 -21 -18 -22 -21 -19 -21 -16 -14 -21 -20 -18 -14  15 -16 
X -15 -17 -16 -17 -19 -15 -18 -16 -17 -16 -15 -18 -16 -15 -19 -16 -14 -17 -16 -15 -16 -16  12 
