# David Jimenez-Morales and Jie Liang
# Pattern of Amino Acid Substitution in Transmembrane Segments of Beta-Barrel Membrane Proteins
# bbTMout Matrix's Relative Entropy (Average Score per pair) -10.4279 bits
# Lowest score = -23 , Highest score = 25 
    A   R   N   D   C   Q   E   G   H   I   L   K   M   F   P   S   T   W   Y   V   B   Z   X
A   7 -17 -17 -18 -17 -16 -14  -2 -18  -6  -6 -19 -10  -8 -13  -8  -4 -14 -13  -3 -17  -8 -10 
R -17  14 -12 -14 -17  -9 -13 -15 -11 -17 -17  -9 -18 -19 -19 -16 -12 -17 -13 -17 -13 -14 -13 
N -17 -12  13  -6 -17  -8 -13 -13 -12 -18 -17 -12 -13 -18 -19  -8  -7 -19 -15 -17   4 -13 -12 
D -18 -14  -6  14 -17 -11 -10 -13 -17 -19 -16 -11 -17 -19 -19 -13 -15 -19 -16 -18   4 -11 -13 
C -19 -18 -16 -17  25 -16 -16 -19 -19 -19 -20 -19 -19 -19 -18 -19 -17 -19 -16 -17 -16 -17 -15 
Q -16  -9  -8 -11 -15  12  -9 -17  -7 -17 -17 -11 -14 -17 -15 -13  -8 -15 -12 -16  -9 -13 -11 
E -14 -13 -13 -10 -17  -9  17 -15 -17 -18 -17 -18 -19 -18 -21 -16 -12 -18 -18 -16 -11   1 -14 
G  -2 -15 -13 -13 -17 -17 -15   8 -19 -14 -12 -18 -14 -12 -14  -9  -8 -17 -15 -12 -13  -3 -12 
H -18 -11 -12 -17 -17  -7 -17 -19  13 -17 -16 -15 -18 -17 -19 -14 -17 -14 -10 -18 -14 -18 -14 
I  -6 -17 -18 -19 -17 -17 -18 -14 -17   8  -1 -19  -7  -6 -18 -16 -12 -13 -14   2 -18 -16 -11 
L  -6 -17 -17 -16 -23 -17 -17 -12 -16  -1   5 -18  -6  -3 -16 -15 -11 -10 -11   0 -16 -14 -11 
K -19  -9 -12 -11 -17 -11 -18 -18 -15 -19 -18  15 -17 -17 -17 -15 -13 -18 -17 -19 -11 -18 -14 
M -10 -18 -13 -17 -17 -14 -19 -14 -18  -7  -6 -17  12  -8 -19 -15  -9 -15 -14  -8 -15 -16 -12 
F  -8 -19 -18 -19 -17 -17 -18 -12 -17  -6  -3 -17  -8   7 -14 -15 -15  -8  -6  -5 -18 -15 -11 
P -13 -19 -19 -19 -17 -15 -21 -14 -19 -18 -16 -17 -19 -14  12 -13 -14 -18 -21 -18 -19 -17 -15 
S  -8 -16  -8 -13 -17 -13 -16  -9 -14 -16 -15 -15 -15 -15 -13  11  -5 -18 -15 -14 -10 -12 -12 
T  -4 -12  -7 -16 -17  -8 -12  -8 -17 -12 -11 -13  -9 -15 -14  -5   9 -16 -13  -8 -11 -10 -10 
W -14 -17 -19 -19 -17 -15 -18 -17 -14 -13 -10 -18 -15  -8 -18 -18 -16  10  -5 -10 -19 -17 -13 
Y -13 -13 -15 -16 -17 -12 -18 -15 -10 -14 -11 -17 -14  -6 -21 -15 -13  -5   6 -13 -15 -16 -12 
V  -3 -17 -17 -18 -17 -16 -16 -12 -18   2   0 -19  -8  -5 -18 -14  -8 -10 -13   6 -17 -14 -11 
B -17 -13   4   4 -16  -9 -11 -13 -14 -18 -16 -11 -15 -18 -19 -10 -11 -19 -15 -17  14 -10 -12 
Z  -8 -14 -13 -11 -17 -13   1  -3 -18 -16 -14 -18 -16 -15 -17 -12 -10 -17 -16 -14 -10  15 -12 
X -10 -13 -12 -13 -15 -11 -14 -12 -14 -11 -11 -14 -12 -11 -15 -12 -10 -13 -12 -11 -12 -12  12 
