# David Jimenez-Morales and Jie Liang
# Pattern of Amino Acid Substitution in Transmembrane Segments of Beta-Barrel Membrane Proteins
# bbTMout Matrix's Relative Entropy (Average Score per pair) -11.9949 bits
# Lowest score = -23 , Highest score = 25 
    A   R   N   D   C   Q   E   G   H   I   L   K   M   F   P   S   T   W   Y   V   B   Z   X
A   7 -19 -19 -20 -18 -18 -16  -4 -19  -8  -8 -20 -12  -9 -14  -9  -5 -16 -15  -4 -19 -10 -12 
R -19  14 -13 -16 -18 -11 -15 -16 -12 -18 -18 -11 -19 -20 -20 -17 -14 -18 -14 -19 -14 -15 -14 
N -19 -13  13  -7 -18 -10 -14 -15 -13 -20 -18 -13 -14 -19 -20  -9  -9 -20 -16 -19   3 -14 -13 
D -20 -16  -7  14 -18 -13 -11 -14 -18 -20 -17 -12 -18 -20 -20 -14 -17 -20 -17 -20   4 -12 -14 
C -20 -19 -17 -18  25 -17 -17 -20 -20 -20 -22 -20 -20 -20 -19 -20 -18 -20 -17 -18 -17 -18 -16 
Q -18 -11 -10 -13 -16  12 -10 -18  -8 -19 -19 -13 -15 -18 -16 -14 -10 -17 -14 -17 -11 -14 -13 
E -16 -15 -14 -11 -18 -10  17 -17 -18 -20 -18 -19 -20 -19 -22 -17 -14 -19 -19 -17 -12   0 -15 
G  -4 -16 -15 -14 -18 -18 -17   8 -20 -16 -13 -19 -16 -13 -15 -10  -9 -18 -16 -14 -14  -4 -13 
H -19 -12 -13 -18 -18  -8 -18 -20  13 -18 -18 -16 -19 -19 -20 -15 -18 -15 -11 -20 -15 -19 -15 
I  -8 -18 -20 -20 -18 -19 -20 -16 -18   8  -3 -20  -9  -8 -20 -17 -14 -14 -16   1 -20 -18 -13 
L  -8 -18 -18 -17 -23 -19 -18 -13 -18  -3   5 -19  -7  -4 -18 -17 -12 -11 -13  -2 -17 -15 -12 
K -20 -11 -13 -12 -18 -13 -19 -19 -16 -20 -19  15 -18 -18 -18 -16 -15 -19 -18 -20 -12 -19 -15 
M -12 -19 -14 -18 -18 -15 -20 -16 -19  -9  -7 -18  12 -10 -20 -16 -10 -16 -16  -9 -16 -18 -13 
F  -9 -20 -19 -20 -18 -18 -19 -13 -19  -8  -4 -18 -10   8 -16 -16 -17  -9  -7  -6 -19 -16 -12 
P -14 -20 -20 -20 -18 -16 -22 -15 -20 -20 -18 -18 -20 -16  12 -14 -15 -19 -22 -20 -20 -18 -16 
S  -9 -17  -9 -14 -18 -14 -17 -10 -15 -17 -17 -16 -16 -16 -14  11  -7 -19 -17 -16 -11 -13 -13 
T  -5 -14  -9 -17 -18 -10 -14  -9 -18 -14 -12 -15 -10 -17 -15  -7   9 -18 -15  -9 -13 -11 -11 
W -16 -18 -20 -20 -18 -17 -19 -18 -15 -14 -11 -19 -16  -9 -19 -19 -18  10  -6 -11 -20 -18 -14 
Y -15 -14 -16 -18 -18 -14 -19 -16 -11 -16 -13 -18 -16  -7 -22 -17 -15  -6   6 -14 -17 -17 -13 
V  -4 -19 -19 -20 -18 -17 -17 -14 -20   1  -2 -20  -9  -6 -20 -16  -9 -11 -14   6 -19 -15 -12 
B -19 -14   3   4 -17 -11 -12 -14 -15 -20 -17 -12 -16 -19 -20 -11 -13 -20 -17 -19  14 -11 -13 
Z -10 -15 -14 -12 -18 -14   0  -4 -19 -18 -15 -19 -18 -16 -18 -13 -11 -18 -17 -15 -11  15 -13 
X -12 -14 -13 -14 -16 -13 -15 -13 -15 -13 -12 -15 -13 -12 -16 -13 -11 -14 -13 -12 -13 -13  12 
