# David Jimenez-Morales and Jie Liang
# Pattern of Amino Acid Substitution in Transmembrane Segments of Beta-Barrel Membrane Proteins
# bbTMout Matrix's Relative Entropy (Average Score per pair) -10.0363 bits
# Lowest score = -23 , Highest score = 25 
    A   R   N   D   C   Q   E   G   H   I   L   K   M   F   P   S   T   W   Y   V   B   Z   X
A   7 -17 -16 -18 -16 -16 -14  -2 -17  -5  -6 -18 -10  -7 -12  -7  -3 -13 -13  -2 -17  -8 -10 
R -17  14 -11 -14 -16  -9 -13 -14 -10 -16 -16  -8 -17 -18 -18 -15 -12 -16 -12 -17 -12 -13 -12 
N -16 -11  13  -5 -16  -8 -12 -13 -11 -18 -16 -11 -12 -17 -18  -7  -7 -18 -14 -17   4 -12 -11 
D -18 -14  -5  14 -16 -11  -9 -12 -16 -18 -15 -10 -16 -18 -18 -12 -15 -18 -15 -18   5 -10 -13 
C -18 -17 -15 -16  25 -15 -15 -18 -18 -18 -20 -18 -18 -18 -17 -18 -16 -18 -15 -16 -15 -16 -14 
Q -16  -9  -8 -11 -14  12  -8 -16  -6 -17 -17 -10 -13 -16 -14 -12  -8 -15 -12 -15  -9 -12 -11 
E -14 -13 -12  -9 -16  -8  17 -15 -16 -17 -16 -17 -18 -17 -20 -15 -12 -17 -17 -15 -10   1 -13 
G  -2 -14 -13 -12 -16 -16 -15   8 -18 -13 -11 -17 -14 -11 -13  -8  -7 -16 -14 -11 -12  -3 -11 
H -17 -10 -11 -16 -16  -6 -16 -18  13 -16 -16 -14 -17 -16 -18 -13 -16 -13  -9 -18 -13 -17 -13 
I  -5 -16 -18 -18 -16 -17 -17 -13 -16   7  -1 -18  -7  -5 -18 -15 -11 -12 -14   3 -18 -15 -11 
L  -6 -16 -16 -15 -23 -17 -16 -11 -16  -1   5 -17  -5  -2 -15 -14 -10  -9 -10   0 -15 -13 -10 
K -18  -8 -11 -10 -16 -10 -17 -17 -14 -18 -17  15 -16 -16 -16 -14 -13 -17 -16 -18 -10 -17 -13 
M -10 -17 -12 -16 -16 -13 -18 -14 -17  -7  -5 -16  12  -8 -18 -14  -8 -14 -14  -7 -14 -16 -11 
F  -7 -18 -17 -18 -16 -16 -17 -11 -16  -5  -2 -16  -8   7 -14 -14 -14  -7  -5  -4 -17 -14 -10 
P -12 -18 -18 -18 -16 -14 -20 -13 -18 -18 -15 -16 -18 -14  12 -12 -13 -17 -20 -17 -18 -16 -14 
S  -7 -15  -7 -12 -16 -12 -15  -8 -13 -15 -14 -14 -14 -14 -12  11  -5 -17 -15 -13  -9 -11 -11 
T  -3 -12  -7 -15 -16  -8 -12  -7 -16 -11 -10 -13  -8 -14 -13  -5   9 -16 -13  -7 -11  -9  -9 
W -13 -16 -18 -18 -16 -15 -17 -16 -13 -12  -9 -17 -14  -7 -17 -17 -16  10  -4  -9 -18 -16 -12 
Y -13 -12 -14 -15 -16 -12 -17 -14  -9 -14 -10 -16 -14  -5 -20 -15 -13  -4   6 -12 -14 -15 -11 
V  -2 -17 -17 -18 -16 -15 -15 -11 -17   3   0 -18  -7  -4 -17 -13  -7  -9 -12   6 -17 -13 -10 
B -17 -12   4   5 -15  -9 -10 -12 -13 -18 -15 -10 -14 -17 -18  -9 -11 -18 -14 -17  14  -9 -12 
Z  -8 -13 -12 -10 -16 -12   1  -3 -17 -15 -13 -17 -16 -14 -16 -11  -9 -16 -15 -13  -9  15 -12 
X -10 -12 -11 -13 -14 -11 -13 -11 -13 -11 -10 -13 -11 -10 -14 -11  -9 -12 -11 -10 -12 -12  12 
