# David Jimenez-Morales and Jie Liang
# Pattern of Amino Acid Substitution in Transmembrane Segments of Beta-Barrel Membrane Proteins
# bbTMout Matrix's Relative Entropy (Average Score per pair) -3.8261 bits
# Lowest score = -14 , Highest score = 25 
    A   R   N   D   C   Q   E   G   H   I   L   K   M   F   P   S   T   W   Y   V   B   Z   X
A   4 -10  -8 -10 -10  -9  -8   2 -11   0   0 -11  -3  -1  -7  -2   1  -6  -6   1  -9  -3  -4 
R -10  14  -6  -8 -10  -3  -7  -9  -4 -10 -10  -3 -11 -11 -12  -9  -6 -10  -6 -10  -7  -8  -7 
N  -8  -6  12   0 -10  -2  -6  -7  -5 -10 -10  -5  -7 -10 -12  -2  -1 -11  -9 -10   6  -6  -5 
D -10  -8   0  14 -10  -5  -3  -7 -10 -11 -10  -4 -10 -11 -12  -6  -9 -12 -10 -11   7  -5  -7 
C -12 -11 -10 -10  25  -9  -9 -12 -12 -12 -12 -12 -12 -12 -11 -12 -10 -12 -10 -11 -10 -10  -9 
Q  -9  -3  -2  -5  -8  12  -2  -9   0 -10 -10  -5  -8 -10  -8  -6  -2  -9  -6  -9  -3  -5  -5 
E  -8  -7  -6  -3 -10  -2  17  -9 -10 -10 -10 -11 -11 -10 -14  -9  -6 -11 -11  -9  -4   4  -7 
G   2  -9  -7  -7 -10  -9  -9   7 -12  -4  -4 -11  -6  -4  -7  -2  -1  -9  -8  -3  -7  -1  -5 
H -11  -4  -5 -10 -10   0 -10 -12  12 -10 -10  -8 -11  -9 -12  -7 -10  -7  -4 -10  -7 -11  -7 
I   0 -10 -10 -11 -11 -10 -10  -4 -10   3   2 -12  -1   1 -10  -7  -3  -4  -5   3 -10  -7  -5 
L   0 -10 -10 -10 -13 -10 -10  -4 -10   2   3 -11   0   1  -9  -7  -3  -4  -4   2 -10  -7  -5 
K -11  -3  -5  -4 -10  -5 -11 -11  -8 -12 -11  14 -10 -10 -10  -8  -7 -11 -10 -11  -4 -11  -7 
M  -3 -11  -7 -10 -10  -8 -11  -6 -11  -1   0 -10  11  -2 -11  -8  -3  -7  -7  -1  -8  -8  -5 
F  -1 -11 -10 -11 -11 -10 -10  -4  -9   1   1 -10  -2   5  -8  -7  -5  -2   0   1 -10  -7  -5 
P  -7 -12 -12 -12 -10  -8 -14  -7 -12 -10  -9 -10 -11  -8  12  -6  -7 -11 -13 -10 -12 -10  -8 
S  -2  -9  -2  -6 -10  -6  -9  -2  -7  -7  -7  -8  -8  -7  -6  11   1 -10  -9  -6  -4  -5  -5 
T   1  -6  -1  -9 -10  -2  -6  -1 -10  -3  -3  -7  -3  -5  -7   1   8  -8  -7  -2  -5  -3  -4 
W  -6 -10 -11 -12 -10  -9 -11  -9  -7  -4  -4 -11  -7  -2 -11 -10  -8   9   1  -4 -11 -10  -6 
Y  -6  -6  -9 -10 -10  -6 -11  -8  -4  -5  -4 -10  -7   0 -13  -9  -7   1   6  -5  -9  -9  -6 
V   1 -10 -10 -11 -11  -9  -9  -3 -10   3   2 -11  -1   1 -10  -6  -2  -4  -5   3 -10  -6  -5 
B  -9  -7   6   7 -10  -3  -4  -7  -7 -10 -10  -4  -8 -10 -12  -4  -5 -11  -9 -10  13  -3  -6 
Z  -3  -8  -6  -5 -10  -5   4  -1 -11  -7  -7 -11  -8  -7 -10  -5  -3 -10  -9  -6  -3  15  -6 
X  -4  -7  -5  -7  -9  -5  -7  -5  -7  -5  -5  -7  -5  -5  -8  -5  -4  -6  -6  -5  -6  -6  11 
