# David Jimenez-Morales and Jie Liang
# Pattern of Amino Acid Substitution in Transmembrane Segments of Beta-Barrel Membrane Proteins
# bbTMout Matrix's Relative Entropy (Average Score per pair) -3.1147 bits
# Lowest score = -13 , Highest score = 25 
    A   R   N   D   C   Q   E   G   H   I   L   K   M   F   P   S   T   W   Y   V   B   Z   X
A   4  -9  -7  -9 -10  -8  -8   3 -10   1   0 -11  -2  -1  -6  -1   1  -5  -5   1  -8  -2  -4 
R  -9  14  -5  -7  -9  -2  -6  -8  -3 -10 -10  -2 -10 -10 -11  -9  -6  -9  -6 -10  -6  -7  -6 
N  -7  -5  12   1  -9  -1  -6  -6  -5  -9  -9  -5  -6 -10 -11  -1  -1 -11  -8  -9   7  -6  -5 
D  -9  -7   1  14  -9  -4  -3  -6  -9 -10  -9  -4  -9 -10 -11  -5  -8 -11  -9 -10   8  -4  -6 
C -11 -10  -9  -9  25  -8  -9 -11 -11 -11 -12 -11 -11 -11 -10 -11 -10 -11  -9 -11  -9 -10  -8 
Q  -8  -2  -1  -4  -7  11  -2  -9   0  -9  -9  -4  -7  -9  -7  -5  -2  -8  -5  -9  -2  -5  -4 
E  -8  -6  -5  -3  -9  -2  17  -8  -9  -9  -9 -10 -11 -10 -13  -8  -6 -10 -10  -9  -4   5  -6 
G   3  -8  -6  -6 -10  -9  -8   7 -11  -3  -3 -10  -5  -4  -7  -2  -1  -8  -7  -2  -6  -0  -5 
H -10  -3  -5  -9  -9   0  -9 -11  12 -10  -9  -8 -10  -8 -11  -7  -9  -6  -3 -10  -7 -10  -6 
I   1 -10  -9 -10 -10  -9  -9  -3  -9   3   2 -11  -1   1  -9  -6  -2  -4  -4   3  -9  -6  -4 
L   0 -10  -9  -9 -12  -9  -9  -3  -9   2   3 -10   0   2  -9  -6  -3  -3  -3   2  -9  -6  -4 
K -11  -2  -5  -4  -9  -4 -10 -10  -8 -11 -10  14 -10 -10  -9  -7  -6 -10  -9 -11  -4 -10  -7 
M  -2 -10  -6  -9 -10  -7 -11  -5 -10  -1   0 -10  11  -1 -10  -7  -2  -6  -6  -1  -7  -8  -5 
F  -1 -10 -10 -10 -10  -9 -10  -4  -8   1   2 -10  -1   4  -8  -7  -4  -1   0   1 -10  -7  -4 
P  -6 -11 -11 -11  -9  -7 -13  -7 -11  -9  -9  -9 -11  -8  12  -6  -7 -10 -12  -9 -11 -10  -8 
S  -1  -9  -1  -5 -10  -5  -8  -2  -7  -6  -6  -7  -7  -7  -6  11   1  -9  -8  -5  -3  -5  -4 
T   1  -6  -1  -8 -10  -2  -6  -1  -9  -2  -3  -6  -2  -4  -7   1   8  -8  -6  -2  -4  -3  -3 
W  -5  -9 -11 -11 -10  -8 -10  -8  -6  -4  -3 -10  -6  -1 -10  -9  -8   8   1  -3 -11  -9  -6 
Y  -5  -6  -8  -9 -10  -5 -10  -7  -3  -4  -3  -9  -6   0 -12  -8  -6   1   6  -4  -8  -8  -5 
V   1 -10  -9 -10 -10  -9  -9  -2 -10   3   2 -11  -1   1  -9  -5  -2  -3  -4   2  -9  -5  -4 
B  -8  -6   7   8  -9  -2  -4  -6  -7  -9  -9  -4  -7 -10 -11  -3  -4 -11  -8  -9  13  -3  -5 
Z  -2  -7  -6  -4 -10  -5   5  -0 -10  -6  -6 -10  -8  -7 -10  -5  -3  -9  -8  -5  -3  14  -5 
X  -4  -6  -5  -6  -8  -4  -6  -5  -6  -4  -4  -7  -5  -4  -8  -4  -3  -6  -5  -4  -5  -5  10 
