# David Jimenez-Morales and Jie Liang
# Pattern of Amino Acid Substitution in Transmembrane Segments of Beta-Barrel Membrane Proteins
# bbTMout Matrix's Relative Entropy (Average Score per pair) -11.0460 bits
# Lowest score = -23 , Highest score = 25 
    A   R   N   D   C   Q   E   G   H   I   L   K   M   F   P   S   T   W   Y   V   B   Z   X
A   7 -18 -17 -19 -17 -17 -15  -3 -18  -7  -7 -19 -11  -8 -13  -8  -4 -15 -14  -3 -18  -9 -11 
R -18  14 -12 -15 -17 -10 -14 -15 -11 -17 -17 -10 -18 -19 -19 -16 -13 -17 -13 -18 -13 -14 -13 
N -17 -12  13  -6 -17  -9 -13 -14 -12 -19 -17 -12 -13 -18 -19  -8  -8 -19 -15 -18   4 -13 -12 
D -19 -15  -6  14 -17 -12 -10 -13 -17 -19 -16 -11 -17 -19 -19 -13 -16 -19 -16 -19   4 -11 -13 
C -19 -18 -16 -17  25 -16 -16 -19 -19 -19 -21 -19 -19 -19 -18 -19 -17 -19 -16 -17 -16 -17 -15 
Q -17 -10  -9 -12 -15  12  -9 -17  -7 -18 -18 -12 -14 -17 -15 -13  -9 -16 -13 -16 -10 -13 -12 
E -15 -14 -13 -10 -17  -9  17 -16 -17 -19 -17 -18 -19 -18 -21 -16 -13 -18 -18 -16 -11   1 -14 
G  -3 -15 -14 -13 -17 -17 -16   8 -19 -15 -12 -18 -15 -12 -14  -9  -8 -17 -15 -12 -13  -4 -12 
H -18 -11 -12 -17 -17  -7 -17 -19  13 -17 -17 -15 -18 -18 -19 -14 -17 -14 -10 -19 -14 -18 -14 
I  -7 -17 -19 -19 -17 -18 -19 -15 -17   8  -2 -19  -8  -6 -19 -16 -12 -13 -15   2 -19 -17 -12 
L  -7 -17 -17 -16 -23 -18 -17 -12 -17  -2   5 -18  -6  -3 -17 -16 -11 -10 -12  -1 -16 -14 -11 
K -19 -10 -12 -11 -17 -12 -18 -18 -15 -19 -18  15 -17 -17 -17 -15 -14 -18 -17 -19 -11 -18 -14 
M -11 -18 -13 -17 -17 -14 -19 -15 -18  -8  -6 -17  12  -9 -19 -15  -9 -15 -15  -8 -15 -17 -12 
F  -8 -19 -18 -19 -17 -17 -18 -12 -18  -6  -3 -17  -9   7 -15 -15 -15  -8  -6  -5 -18 -15 -11 
P -13 -19 -19 -19 -17 -15 -21 -14 -19 -19 -17 -17 -19 -15  12 -13 -14 -18 -21 -19 -19 -17 -15 
S  -8 -16  -8 -13 -17 -13 -16  -9 -14 -16 -16 -15 -15 -15 -13  11  -6 -18 -16 -15 -10 -12 -12 
T  -4 -13  -8 -16 -17  -9 -13  -8 -17 -12 -11 -14  -9 -15 -14  -6   9 -17 -14  -8 -12 -10 -10 
W -15 -17 -19 -19 -17 -16 -18 -17 -14 -13 -10 -18 -15  -8 -18 -18 -17  10  -5 -10 -19 -17 -13 
Y -14 -13 -15 -17 -17 -13 -18 -15 -10 -15 -12 -17 -15  -6 -21 -16 -14  -5   6 -13 -16 -16 -13 
V  -3 -18 -18 -19 -17 -16 -16 -12 -19   2  -1 -19  -8  -5 -19 -15  -8 -10 -13   6 -18 -14 -11 
B -18 -13   4   4 -16 -10 -11 -13 -14 -19 -16 -11 -15 -18 -19 -10 -12 -19 -16 -18  14 -10 -13 
Z  -9 -14 -13 -11 -17 -13   1  -4 -18 -17 -14 -18 -17 -15 -17 -12 -10 -17 -16 -14 -10  15 -13 
X -11 -13 -12 -13 -15 -12 -14 -12 -14 -12 -11 -14 -12 -11 -15 -12 -10 -13 -13 -11 -13 -13  12 
