# David Jimenez-Morales and Jie Liang
# Pattern of Amino Acid Substitution in Transmembrane Segments of Beta-Barrel Membrane Proteins
# bbTMout Matrix's Relative Entropy (Average Score per pair) -4.5470 bits
# Lowest score = -15 , Highest score = 25 
    A   R   N   D   C   Q   E   G   H   I   L   K   M   F   P   S   T   W   Y   V   B   Z   X
A   5 -11  -9 -11 -11  -9  -9   2 -11   0   0 -12  -4  -2  -7  -2   1  -7  -7   1 -10  -3  -5 
R -11  14  -6  -8 -11  -4  -7  -9  -5 -11 -11  -3 -11 -11 -13 -10  -7 -10  -7 -11  -7  -8  -7 
N  -9  -6  12   0 -11  -2  -7  -7  -6 -11 -11  -6  -7 -11 -12  -2  -2 -12  -9 -11   6  -7  -6 
D -11  -8   0  14 -11  -6  -4  -7 -11 -12 -10  -5 -11 -12 -13  -7  -9 -12 -10 -11   7  -5  -7 
C -13 -12 -10 -11  25 -10 -10 -13 -13 -12 -13 -13 -13 -13 -12 -13 -11 -13 -10 -12 -10 -11 -10 
Q  -9  -4  -2  -6  -9  12  -3 -10  -1 -11 -11  -5  -8 -10  -9  -7  -3  -9  -7 -10  -4  -6  -6 
E  -9  -7  -7  -4 -11  -3  17  -9 -10 -11 -11 -11 -12 -11 -15 -10  -7 -12 -11 -10  -5   4  -8 
G   2  -9  -7  -7 -11 -10  -9   7 -12  -5  -5 -12  -7  -5  -8  -3  -2 -10  -9  -3  -7  -1  -6 
H -11  -5  -6 -11 -11  -1 -10 -12  13 -11 -10  -9 -11 -10 -13  -8 -10  -8  -4 -11  -8 -11  -7 
I   0 -11 -11 -12 -12 -11 -11  -5 -11   4   2 -12  -2   0 -11  -8  -4  -5  -6   3 -11  -8  -6 
L   0 -11 -11 -10 -14 -11 -11  -5 -10   2   3 -12  -1   1 -10  -8  -4  -4  -5   2 -10  -8  -5 
K -12  -3  -6  -5 -11  -5 -11 -12  -9 -12 -12  14 -11 -11 -11  -9  -8 -12 -11 -12  -5 -11  -8 
M  -4 -11  -7 -11 -11  -8 -12  -7 -11  -2  -1 -11  11  -2 -12  -8  -3  -8  -8  -2  -9  -9  -6 
F  -2 -11 -11 -12 -11 -10 -11  -5 -10   0   1 -11  -2   5  -9  -8  -6  -2  -1   0 -11  -8  -5 
P  -7 -13 -13 -13 -11  -9 -15  -8 -13 -11 -10 -11 -12  -9  12  -7  -8 -12 -14 -11 -13 -11  -9 
S  -2 -10  -2  -7 -11  -7 -10  -3  -8  -8  -8  -9  -8  -8  -7  11   0 -11  -9  -7  -4  -6  -6 
T   1  -7  -2  -9 -11  -3  -7  -2 -10  -4  -4  -8  -3  -6  -8   0   8  -9  -7  -3  -5  -4  -4 
W  -7 -10 -12 -12 -11  -9 -12 -10  -8  -5  -4 -12  -8  -2 -12 -11  -9   9   0  -4 -12 -11  -7 
Y  -7  -7  -9 -10 -11  -6 -11  -9  -4  -6  -5 -11  -8  -1 -14  -9  -7   0   6  -6  -9 -10  -6 
V   1 -11 -11 -11 -12 -10 -10  -3 -11   3   2 -12  -2   0 -11  -7  -3  -4  -6   3 -11  -6  -5 
B -10  -7   6   7 -10  -4  -5  -7  -8 -11 -10  -5  -9 -11 -13  -4  -5 -12  -9 -11  13  -4  -6 
Z  -3  -8  -7  -5 -11  -6   4  -1 -11  -8  -8 -11  -9  -8 -11  -6  -4 -11 -10  -6  -4  15  -6 
X  -5  -7  -6  -7 -10  -6  -8  -6  -7  -6  -5  -8  -6  -5  -9  -6  -4  -7  -6  -5  -6  -6  11 
