# David Jimenez-Morales and Jie Liang
# Pattern of Amino Acid Substitution in Transmembrane Segments of Beta-Barrel Membrane Proteins
# bbTMout Matrix's Relative Entropy (Average Score per pair) -16.7862 bits
# Lowest score = -27 , Highest score = 25 
    A   R   N   D   C   Q   E   G   H   I   L   K   M   F   P   S   T   W   Y   V   B   Z   X
A   7 -24 -24 -25 -23 -23 -21  -8 -24 -13 -13 -25 -17 -14 -19 -14 -10 -21 -20  -8 -24 -14 -16 
R -24  14 -18 -21 -23 -16 -19 -21 -17 -23 -23 -15 -24 -25 -25 -22 -19 -23 -19 -24 -19 -20 -19 
N -24 -18  13 -12 -23 -14 -19 -19 -18 -25 -23 -18 -19 -24 -25 -14 -14 -25 -21 -24   1 -19 -18 
D -25 -21 -12  14 -23 -18 -16 -19 -23 -25 -22 -17 -23 -25 -25 -19 -22 -25 -22 -25   1 -17 -19 
C -25 -24 -22 -23  25 -22 -22 -25 -25 -25 -27 -25 -25 -25 -24 -25 -23 -25 -22 -23 -22 -23 -21 
Q -23 -16 -14 -18 -21  12 -15 -23 -13 -24 -24 -17 -20 -23 -21 -19 -14 -22 -18 -22 -16 -19 -17 
E -21 -19 -19 -16 -23 -15  17 -22 -23 -25 -23 -24 -25 -24 -27 -22 -19 -24 -24 -22 -17  -2 -20 
G  -8 -21 -19 -19 -23 -23 -22   8 -25 -22 -18 -24 -21 -18 -20 -15 -14 -23 -21 -20 -19  -7 -18 
H -24 -17 -18 -23 -23 -13 -23 -25  13 -23 -22 -21 -24 -24 -25 -20 -23 -20 -16 -25 -20 -24 -19 
I -13 -23 -25 -25 -23 -24 -25 -22 -23   9  -7 -25 -13 -13 -25 -22 -20 -20 -22  -3 -25 -23 -18 
L -13 -23 -23 -22 -23 -24 -23 -18 -22  -7   6 -24 -12  -8 -22 -22 -17 -16 -17  -6 -22 -20 -16 
K -25 -15 -18 -17 -23 -17 -24 -24 -21 -25 -24  15 -23 -23 -23 -21 -19 -24 -23 -25 -17 -24 -19 
M -17 -24 -19 -23 -23 -20 -25 -21 -24 -13 -12 -23  12 -15 -25 -21 -15 -21 -21 -14 -21 -23 -18 
F -14 -25 -24 -25 -23 -23 -24 -18 -24 -13  -8 -23 -15   8 -21 -21 -22 -14 -12 -11 -24 -21 -17 
P -19 -25 -25 -25 -23 -21 -27 -20 -25 -25 -22 -23 -25 -21  12 -19 -20 -24 -27 -25 -25 -23 -21 
S -14 -22 -14 -19 -23 -19 -22 -15 -20 -22 -22 -21 -21 -21 -19  11 -11 -24 -22 -21 -16 -18 -18 
T -10 -19 -14 -22 -23 -14 -19 -14 -23 -20 -17 -19 -15 -22 -20 -11   9 -23 -19 -14 -18 -16 -16 
W -21 -23 -25 -25 -23 -22 -24 -23 -20 -20 -16 -24 -21 -14 -24 -24 -23  10 -11 -16 -25 -23 -19 
Y -20 -19 -21 -22 -23 -18 -24 -21 -16 -22 -17 -23 -21 -12 -27 -22 -19 -11   6 -19 -21 -22 -18 
V  -8 -24 -24 -25 -23 -22 -22 -20 -25  -3  -6 -25 -14 -11 -25 -21 -14 -16 -19   7 -24 -21 -17 
B -24 -19   1   1 -22 -16 -17 -19 -20 -25 -22 -17 -21 -24 -25 -16 -18 -25 -21 -24  14 -16 -18 
Z -14 -20 -19 -17 -23 -19  -2  -7 -24 -23 -20 -24 -23 -21 -23 -18 -16 -23 -22 -21 -16  15 -18 
X -16 -19 -18 -19 -21 -17 -20 -18 -19 -18 -16 -19 -18 -17 -21 -18 -16 -19 -18 -17 -18 -18  12 
