# David Jimenez-Morales and Jie Liang
# Pattern of Amino Acid Substitution in Transmembrane Segments of Beta-Barrel Membrane Proteins
# bbTMout Matrix's Relative Entropy (Average Score per pair) -2.9151 bits
# Lowest score = -12 , Highest score = 25 
    A   R   N   D   C   Q   E   G   H   I   L   K   M   F   P   S   T   W   Y   V   B   Z   X
A   3  -9  -7  -9  -9  -7  -7   3  -9   1   1 -10  -2   0  -6  -1   1  -5  -5   1  -8  -2  -3 
R  -9  13  -4  -6  -9  -2  -5  -8  -3  -9  -9  -1  -9  -9 -11  -8  -5  -8  -5  -9  -5  -6  -5 
N  -7  -4  12   2  -9  -1  -5  -6  -4  -9  -8  -4  -5  -9 -10  -1  -1 -10  -7  -8   7  -5  -4 
D  -9  -6   2  14  -9  -4  -2  -6  -9  -9  -9  -3  -9 -10 -11  -5  -7 -10  -8  -9   8  -4  -5 
C -11 -10  -8  -9  25  -8  -8 -11 -11 -10 -11 -11 -11 -11 -10 -11  -9 -10  -8 -10  -8  -9  -8 
Q  -7  -2  -1  -4  -7  11  -1  -8   1  -8  -8  -3  -6  -8  -7  -5  -1  -7  -5  -8  -2  -4  -4 
E  -7  -5  -5  -2  -9  -1  17  -7  -8  -9  -9  -9 -10  -9 -12  -8  -5 -10  -9  -8  -3   5  -6 
G   3  -8  -6  -6  -9  -8  -7   6 -10  -2  -2 -10  -4  -3  -6  -1   0  -7  -6  -1  -6  -0  -4 
H  -9  -3  -4  -9  -9   1  -8 -10  12  -9  -8  -7  -9  -8 -11  -6  -8  -6  -3  -9  -6  -9  -6 
I   1  -9  -9  -9 -10  -8  -9  -2  -9   3   2 -10   0   1  -9  -5  -2  -3  -4   2  -9  -5  -4 
L   1  -9  -8  -9 -11  -8  -9  -2  -8   2   2 -10   0   2  -8  -5  -2  -3  -3   2  -8  -5  -4 
K -10  -1  -4  -3  -9  -3  -9 -10  -7 -10 -10  14  -9  -9  -9  -7  -6 -10  -9 -10  -3  -9  -6 
M  -2  -9  -5  -9  -9  -6 -10  -5  -9   0   0  -9  11  -1 -10  -6  -2  -5  -5   0  -7  -7  -4 
F   0  -9  -9 -10 -10  -8  -9  -3  -8   1   2  -9  -1   4  -7  -6  -3  -1   0   1  -9  -6  -4 
P  -6 -11 -10 -11  -9  -7 -12  -6 -11  -9  -8  -9 -10  -7  12  -5  -6 -10 -11  -8 -10  -9  -7 
S  -1  -8  -1  -5  -9  -5  -8  -1  -6  -5  -5  -7  -6  -6  -5  10   2  -9  -7  -5  -3  -4  -4 
T   1  -5  -1  -7  -9  -1  -5   0  -8  -2  -2  -6  -2  -3  -6   2   7  -7  -5  -1  -4  -2  -3 
W  -5  -8 -10 -10  -9  -7 -10  -7  -6  -3  -3 -10  -5  -1 -10  -9  -7   8   2  -3 -10  -8  -5 
Y  -5  -5  -7  -8  -9  -5  -9  -6  -3  -4  -3  -9  -5   0 -11  -7  -5   2   5  -3  -7  -7  -4 
V   1  -9  -8  -9 -10  -8  -8  -1  -9   2   2 -10   0   1  -8  -5  -1  -3  -3   2  -8  -4  -4 
B  -8  -5   7   8  -8  -2  -3  -6  -6  -9  -8  -3  -7  -9 -10  -3  -4 -10  -7  -8  13  -2  -5 
Z  -2  -6  -5  -4  -9  -4   5  -0  -9  -5  -5  -9  -7  -6  -9  -4  -2  -8  -7  -4  -2  14  -5 
X  -3  -5  -4  -5  -8  -4  -6  -4  -6  -4  -4  -6  -4  -4  -7  -4  -3  -5  -4  -4  -5  -5  10 
