# David Jimenez-Morales and Jie Liang
# Pattern of Amino Acid Substitution in Transmembrane Segments of Beta-Barrel Membrane Proteins
# bbTMout Matrix's Relative Entropy (Average Score per pair) -11.5744 bits
# Lowest score = -23 , Highest score = 25 
    A   R   N   D   C   Q   E   G   H   I   L   K   M   F   P   S   T   W   Y   V   B   Z   X
A   7 -18 -18 -19 -18 -17 -15  -3 -18  -7  -7 -20 -11  -9 -14  -8  -5 -15 -14  -3 -18  -9 -11 
R -18  14 -13 -15 -18 -10 -14 -16 -11 -18 -18 -10 -18 -19 -20 -17 -13 -18 -14 -18 -14 -15 -14 
N -18 -13  13  -7 -18  -9 -14 -14 -13 -19 -18 -13 -14 -18 -20  -9  -8 -20 -16 -18   3 -14 -13 
D -19 -15  -7  14 -18 -12 -11 -14 -18 -19 -17 -12 -18 -20 -20 -13 -16 -20 -17 -19   4 -12 -14 
C -20 -18 -17 -18  25 -16 -17 -20 -20 -19 -21 -20 -20 -20 -18 -20 -18 -20 -17 -18 -17 -18 -16 
Q -17 -10  -9 -12 -16  12 -10 -18  -7 -18 -18 -12 -15 -18 -16 -13  -9 -16 -13 -17 -10 -14 -12 
E -15 -14 -14 -11 -18 -10  17 -16 -18 -19 -18 -18 -20 -18 -22 -17 -13 -18 -18 -17 -12   1 -14 
G  -3 -16 -14 -14 -18 -18 -16   8 -20 -15 -13 -18 -15 -13 -15 -10  -9 -17 -16 -13 -14  -4 -13 
H -18 -11 -13 -18 -18  -7 -18 -20  13 -18 -17 -16 -18 -18 -20 -15 -18 -15 -11 -19 -15 -19 -14 
I  -7 -18 -19 -19 -18 -18 -19 -15 -18   8  -2 -20  -8  -7 -19 -17 -13 -14 -16   2 -19 -17 -12 
L  -7 -18 -18 -17 -23 -18 -18 -13 -17  -2   5 -18  -7  -3 -17 -16 -11 -11 -12  -1 -17 -15 -12 
K -20 -10 -13 -12 -18 -12 -18 -18 -16 -20 -18  15 -18 -18 -18 -16 -14 -18 -18 -20 -12 -18 -15 
M -11 -18 -14 -18 -18 -15 -20 -15 -18  -8  -7 -18  12  -9 -20 -16 -10 -16 -15  -8 -16 -17 -13 
F  -9 -19 -18 -19 -18 -18 -18 -13 -18  -7  -3 -18  -9   7 -15 -15 -16  -9  -6  -6 -18 -15 -12 
P -14 -20 -20 -20 -18 -16 -22 -15 -20 -19 -17 -18 -20 -15  12 -14 -15 -18 -22 -19 -20 -18 -16 
S  -8 -17  -9 -13 -18 -13 -17 -10 -15 -17 -16 -16 -16 -15 -14  11  -6 -18 -16 -15 -11 -13 -12 
T  -5 -13  -8 -16 -18  -9 -13  -9 -18 -13 -11 -14 -10 -16 -15  -6   9 -17 -14  -8 -12 -11 -11 
W -15 -18 -20 -20 -18 -16 -18 -17 -15 -14 -11 -18 -16  -9 -18 -18 -17  10  -6 -11 -20 -17 -14 
Y -14 -14 -16 -17 -18 -13 -18 -16 -11 -16 -12 -18 -15  -6 -22 -16 -14  -6   6 -13 -16 -17 -13 
V  -3 -18 -18 -19 -18 -17 -17 -13 -19   2  -1 -20  -8  -6 -19 -15  -8 -11 -13   6 -18 -15 -11 
B -18 -14   3   4 -17 -10 -12 -14 -15 -19 -17 -12 -16 -18 -20 -11 -12 -20 -16 -18  14 -11 -13 
Z  -9 -15 -14 -12 -18 -14   1  -4 -19 -17 -15 -18 -17 -15 -18 -13 -11 -17 -17 -15 -11  15 -13 
X -11 -14 -13 -14 -16 -12 -14 -13 -14 -12 -12 -15 -13 -12 -16 -12 -11 -14 -13 -11 -13 -13  12 
