# David Jimenez-Morales and Jie Liang
# Pattern of Amino Acid Substitution in Transmembrane Segments of Beta-Barrel Membrane Proteins
# bbTMout Matrix's Relative Entropy (Average Score per pair) -4.2448 bits
# Lowest score = -14 , Highest score = 25 
    A   R   N   D   C   Q   E   G   H   I   L   K   M   F   P   S   T   W   Y   V   B   Z   X
A   5 -10  -9 -11 -11  -9  -8   2 -11   0   0 -12  -3  -2  -7  -2   1  -7  -6   1 -10  -3  -4 
R -10  14  -6  -8 -10  -3  -7  -9  -4 -11 -10  -3 -11 -11 -12  -9  -6 -10  -7 -11  -7  -8  -7 
N  -9  -6  12   0 -10  -2  -6  -7  -6 -11 -10  -6  -7 -11 -12  -2  -2 -12  -9 -10   6  -6  -6 
D -11  -8   0  14 -10  -5  -4  -7 -10 -11 -10  -5 -10 -11 -12  -6  -9 -12 -10 -11   7  -5  -7 
C -12 -11 -10 -10  25  -9 -10 -12 -12 -12 -13 -12 -12 -12 -11 -12 -11 -12 -10 -12 -10 -11  -9 
Q  -9  -3  -2  -5  -8  12  -2 -10   0 -10 -10  -5  -8 -10  -8  -6  -2  -9  -6 -10  -3  -6  -5 
E  -8  -7  -6  -4 -10  -2  17  -9 -10 -10 -10 -11 -12 -11 -14  -9  -6 -11 -11 -10  -5   4  -7 
G   2  -9  -7  -7 -10 -10  -9   7 -12  -4  -4 -11  -7  -5  -8  -2  -1  -9  -8  -3  -7  -1  -5 
H -11  -4  -6 -10 -10   0 -10 -12  12 -10 -10  -9 -11  -9 -12  -8 -10  -7  -4 -11  -8 -11  -7 
I   0 -11 -11 -11 -11 -10 -10  -4 -10   3   2 -12  -1   0 -10  -7  -3  -5  -6   3 -11  -7  -5 
L   0 -10 -10 -10 -13 -10 -10  -4 -10   2   3 -11  -1   1 -10  -7  -3  -4  -4   2 -10  -7  -5 
K -12  -3  -6  -5 -10  -5 -11 -11  -9 -12 -11  14 -10 -11 -10  -8  -7 -11 -10 -12  -5 -11  -8 
M  -3 -11  -7 -10 -11  -8 -12  -7 -11  -1  -1 -10  11  -2 -12  -8  -3  -7  -7  -1  -8  -9  -6 
F  -2 -11 -11 -11 -11 -10 -11  -5  -9   0   1 -11  -2   5  -9  -8  -5  -2  -1   1 -11  -8  -5 
P  -7 -12 -12 -12 -10  -8 -14  -8 -12 -10 -10 -10 -12  -9  12  -7  -7 -11 -13 -10 -12 -11  -9 
S  -2  -9  -2  -6 -10  -6  -9  -2  -8  -7  -7  -8  -8  -8  -7  11   1 -10  -9  -6  -4  -5  -5 
T   1  -6  -2  -9 -10  -2  -6  -1 -10  -3  -3  -7  -3  -5  -7   1   8  -9  -7  -2  -5  -3  -4 
W  -7 -10 -12 -12 -10  -9 -11  -9  -7  -5  -4 -11  -7  -2 -11 -10  -9   9   1  -4 -12 -10  -7 
Y  -6  -7  -9 -10 -10  -6 -11  -8  -4  -6  -4 -10  -7  -1 -13  -9  -7   1   6  -5  -9  -9  -6 
V   1 -11 -10 -11 -11 -10 -10  -3 -11   3   2 -12  -1   1 -10  -6  -2  -4  -5   3 -10  -6  -5 
B -10  -7   6   7 -10  -3  -5  -7  -8 -11 -10  -5  -8 -11 -12  -4  -5 -12  -9 -10  13  -4  -6 
Z  -3  -8  -6  -5 -11  -6   4  -1 -11  -7  -7 -11  -9  -8 -11  -5  -3 -10  -9  -6  -4  15  -6 
X  -4  -7  -6  -7  -9  -5  -7  -5  -7  -5  -5  -8  -6  -5  -9  -5  -4  -7  -6  -5  -6  -6  11 
