# David Jimenez-Morales and Jie Liang
# Pattern of Amino Acid Substitution in Transmembrane Segments of Beta-Barrel Membrane Proteins
# bbTMout Matrix's Relative Entropy (Average Score per pair) -7.8111 bits
# Lowest score = -19 , Highest score = 25 
    A   R   N   D   C   Q   E   G   H   I   L   K   M   F   P   S   T   W   Y   V   B   Z   X
A   6 -14 -13 -15 -14 -13 -12   0 -15  -3  -3 -16  -7  -5 -10  -5  -2 -11 -10  -1 -14  -6  -8 
R -14  14  -9 -11 -14  -7 -10 -12  -8 -14 -14  -6 -15 -15 -16 -13 -10 -14 -10 -14 -10 -11 -10 
N -13  -9  13  -3 -14  -5 -10 -10  -9 -15 -14  -9 -10 -15 -16  -5  -5 -16 -12 -14   5 -10  -9 
D -15 -11  -3  14 -14  -9  -7 -10 -14 -15 -13  -8 -14 -15 -16 -10 -13 -16 -13 -15   6  -8 -10 
C -16 -15 -13 -14  25 -13 -13 -16 -16 -15 -17 -16 -16 -16 -15 -16 -14 -16 -13 -15 -13 -14 -13 
Q -13  -7  -5  -9 -12  12  -6 -14  -4 -14 -14  -8 -11 -14 -12 -10  -5 -13  -9 -13  -7 -10  -9 
E -12 -10 -10  -7 -14  -6  17 -13 -14 -15 -14 -15 -16 -15 -18 -13 -10 -15 -15 -13  -8   2 -11 
G   0 -12 -10 -10 -14 -14 -13   8 -16 -10  -8 -15 -11  -9 -11  -6  -5 -13 -12  -8 -10  -2  -9 
H -15  -8  -9 -14 -14  -4 -14 -16  13 -14 -13 -12 -15 -14 -16 -11 -14 -11  -7 -15 -11 -15 -11 
I  -3 -14 -15 -15 -14 -14 -15 -10 -14   6   1 -16  -4  -3 -15 -12  -8  -9 -11   3 -15 -12  -9 
L  -3 -14 -14 -13 -19 -14 -14  -8 -13   1   4 -15  -3   0 -13 -12  -7  -7  -8   2 -13 -11  -8 
K -16  -6  -9  -8 -14  -8 -15 -15 -12 -16 -15  14 -14 -14 -14 -12 -10 -15 -14 -16  -8 -15 -11 
M  -7 -15 -10 -14 -14 -11 -16 -11 -15  -4  -3 -14  12  -5 -16 -12  -6 -12 -11  -5 -12 -13  -9 
F  -5 -15 -15 -15 -14 -14 -15  -9 -14  -3   0 -14  -5   7 -12 -12 -11  -5  -3  -2 -15 -12  -8 
P -10 -16 -16 -16 -14 -12 -18 -11 -16 -15 -13 -14 -16 -12  12 -10 -11 -15 -17 -14 -16 -14 -12 
S  -5 -13  -5 -10 -14 -10 -13  -6 -11 -12 -12 -12 -12 -12 -10  11  -2 -14 -13 -11  -7  -9  -9 
T  -2 -10  -5 -13 -14  -5 -10  -5 -14  -8  -7 -10  -6 -11 -11  -2   9 -13 -10  -5  -9  -7  -7 
W -11 -14 -16 -16 -14 -13 -15 -13 -11  -9  -7 -15 -12  -5 -15 -14 -13   9  -2  -7 -16 -14 -10 
Y -10 -10 -12 -13 -14  -9 -15 -12  -7 -11  -8 -14 -11  -3 -17 -13 -10  -2   6  -9 -12 -13  -9 
V  -1 -14 -14 -15 -14 -13 -13  -8 -15   3   2 -16  -5  -2 -14 -11  -5  -7  -9   5 -14 -10  -8 
B -14 -10   5   6 -13  -7  -8 -10 -11 -15 -13  -8 -12 -15 -16  -7  -9 -16 -12 -14  14  -7  -9 
Z  -6 -11 -10  -8 -14 -10   2  -2 -15 -12 -11 -15 -13 -12 -14  -9  -7 -14 -13 -10  -7  15  -9 
X  -8 -10  -9 -10 -13  -9 -11  -9 -11  -9  -8 -11  -9  -8 -12  -9  -7 -10  -9  -8  -9  -9  11 
