# David Jimenez-Morales and Jie Liang
# Pattern of Amino Acid Substitution in Transmembrane Segments of Beta-Barrel Membrane Proteins
# bbTMout Matrix's Relative Entropy (Average Score per pair) -8.9471 bits
# Lowest score = -21 , Highest score = 25 
    A   R   N   D   C   Q   E   G   H   I   L   K   M   F   P   S   T   W   Y   V   B   Z   X
A   7 -16 -15 -17 -15 -15 -13  -1 -16  -4  -5 -17  -9  -6 -11  -6  -3 -13 -12  -1 -16  -7  -9 
R -16  14 -11 -13 -15  -8 -12 -14  -9 -15 -15  -8 -16 -17 -17 -15 -11 -15 -11 -16 -12 -13 -12 
N -15 -11  13  -5 -15  -7 -11 -12 -10 -17 -15 -10 -11 -16 -17  -7  -6 -17 -14 -16   4 -11 -10 
D -17 -13  -5  14 -15 -10  -8 -11 -15 -17 -14 -10 -15 -17 -17 -11 -14 -17 -15 -17   5  -9 -12 
C -17 -16 -15 -15  25 -14 -15 -17 -17 -17 -19 -17 -17 -17 -16 -17 -15 -17 -15 -16 -15 -16 -14 
Q -15  -8  -7 -10 -13  12  -7 -15  -5 -16 -16 -10 -13 -15 -13 -11  -7 -14 -11 -14  -8 -11 -10 
E -13 -12 -11  -8 -15  -7  17 -14 -15 -16 -15 -16 -17 -16 -19 -15 -11 -16 -16 -14  -9   2 -12 
G  -1 -14 -12 -11 -15 -15 -14   8 -17 -12 -10 -16 -13 -10 -12  -7  -6 -15 -13 -10 -11  -3 -10 
H -16  -9 -10 -15 -15  -5 -15 -17  13 -15 -15 -14 -16 -16 -17 -12 -15 -12  -8 -17 -12 -16 -12 
I  -4 -15 -17 -17 -16 -16 -16 -12 -15   7   0 -17  -6  -4 -17 -14 -10 -11 -12   3 -17 -14 -10 
L  -5 -15 -15 -14 -21 -16 -15 -10 -15   0   5 -16  -4  -1 -15 -14  -9  -8 -10   1 -14 -12  -9 
K -17  -8 -10 -10 -15 -10 -16 -16 -14 -17 -16  15 -15 -15 -15 -13 -12 -16 -15 -17 -10 -16 -12 
M  -9 -16 -11 -15 -15 -13 -17 -13 -16  -6  -4 -15  12  -7 -17 -13  -8 -13 -13  -6 -13 -15 -10 
F  -6 -17 -16 -17 -16 -15 -16 -10 -16  -4  -1 -15  -7   7 -13 -13 -13  -6  -4  -3 -16 -13 -10 
P -11 -17 -17 -17 -15 -13 -19 -12 -17 -17 -15 -15 -17 -13  12 -12 -12 -16 -19 -16 -17 -15 -13 
S  -6 -15  -7 -11 -15 -11 -15  -7 -12 -14 -14 -13 -13 -13 -12  11  -4 -16 -14 -12  -9 -11 -10 
T  -3 -11  -6 -14 -15  -7 -11  -6 -15 -10  -9 -12  -8 -13 -12  -4   9 -15 -12  -6 -10  -8  -9 
W -13 -15 -17 -17 -15 -14 -16 -15 -12 -11  -8 -16 -13  -6 -16 -16 -15  10  -4  -8 -17 -15 -11 
Y -12 -11 -14 -15 -15 -11 -16 -13  -8 -12 -10 -15 -13  -4 -19 -14 -12  -4   6 -11 -14 -14 -11 
V  -1 -16 -16 -17 -16 -14 -14 -10 -17   3   1 -17  -6  -3 -16 -12  -6  -8 -11   5 -16 -12  -9 
B -16 -12   4   5 -15  -8  -9 -11 -12 -17 -14 -10 -13 -16 -17  -9 -10 -17 -14 -16  14  -8 -11 
Z  -7 -13 -11  -9 -16 -11   2  -3 -16 -14 -12 -16 -15 -13 -15 -11  -8 -15 -14 -12  -8  15 -11 
X  -9 -12 -10 -12 -14 -10 -12 -10 -12 -10  -9 -12 -10 -10 -13 -10  -9 -11 -11  -9 -11 -11  12 
