# David Jimenez-Morales and Jie Liang
# Pattern of Amino Acid Substitution in Transmembrane Segments of Beta-Barrel Membrane Proteins
# bbTMout Matrix's Relative Entropy (Average Score per pair) -9.4185 bits
# Lowest score = -21 , Highest score = 25 
    A   R   N   D   C   Q   E   G   H   I   L   K   M   F   P   S   T   W   Y   V   B   Z   X
A   7 -16 -16 -17 -16 -15 -13  -1 -16  -5  -5 -17  -9  -7 -12  -6  -3 -13 -12  -2 -16  -7  -9 
R -16  14 -11 -13 -16  -8 -12 -14  -9 -16 -16  -8 -16 -17 -18 -15 -11 -15 -12 -16 -12 -13 -12 
N -16 -11  13  -5 -16  -7 -12 -12 -11 -17 -16 -11 -12 -16 -18  -7  -6 -17 -14 -16   4 -12 -11 
D -17 -13  -5  14 -16 -10  -9 -12 -15 -17 -15 -10 -16 -17 -18 -11 -14 -17 -15 -17   5 -10 -12 
C -17 -16 -15 -15  25 -14 -15 -18 -18 -17 -19 -18 -18 -18 -16 -18 -16 -18 -15 -16 -15 -16 -14 
Q -15  -8  -7 -10 -13  12  -8 -15  -5 -16 -16 -10 -13 -15 -13 -11  -7 -14 -11 -15  -8 -11 -10 
E -13 -12 -12  -9 -16  -8  17 -14 -15 -17 -15 -16 -17 -16 -20 -15 -11 -16 -16 -15 -10   2 -12 
G  -1 -14 -12 -12 -16 -15 -14   8 -17 -12 -10 -16 -13 -10 -13  -7  -7 -15 -14 -10 -12  -3 -11 
H -16  -9 -11 -15 -16  -5 -15 -17  13 -16 -15 -14 -16 -16 -18 -13 -15 -13  -9 -17 -13 -16 -12 
I  -5 -16 -17 -17 -16 -16 -17 -12 -16   7   0 -17  -6  -5 -17 -14 -10 -11 -13   3 -17 -14 -10 
L  -5 -16 -16 -15 -21 -16 -15 -10 -15   0   5 -16  -5  -2 -15 -14  -9  -9 -10   1 -15 -12 -10 
K -17  -8 -11 -10 -16 -10 -16 -16 -14 -17 -16  15 -16 -16 -16 -13 -12 -16 -16 -17 -10 -16 -12 
M  -9 -16 -12 -15 -16 -13 -17 -13 -16  -6  -5 -16  12  -7 -17 -14  -8 -13 -13  -6 -13 -15 -11 
F  -7 -17 -16 -17 -16 -15 -16 -10 -16  -5  -2 -16  -7   7 -13 -13 -13  -7  -5  -4 -16 -13 -10 
P -12 -18 -18 -18 -16 -13 -20 -13 -18 -17 -15 -16 -17 -13  12 -12 -12 -16 -19 -17 -18 -16 -14 
S  -6 -15  -7 -11 -16 -11 -15  -7 -13 -14 -14 -13 -14 -13 -12  11  -4 -16 -14 -13  -9 -11 -10 
T  -3 -11  -6 -14 -16  -7 -11  -7 -15 -10  -9 -12  -8 -13 -12  -4   9 -15 -12  -7 -10  -9  -9 
W -13 -15 -17 -17 -16 -14 -16 -15 -13 -11  -9 -16 -13  -7 -16 -16 -15  10  -4  -9 -17 -15 -12 
Y -12 -12 -14 -15 -16 -11 -16 -14  -9 -13 -10 -16 -13  -5 -19 -14 -12  -4   6 -11 -14 -15 -11 
V  -2 -16 -16 -17 -16 -15 -15 -10 -17   3   1 -17  -6  -4 -17 -13  -7  -9 -11   5 -16 -12  -9 
B -16 -12   4   5 -15  -8 -10 -12 -13 -17 -15 -10 -13 -16 -18  -9 -10 -17 -14 -16  14  -9 -11 
Z  -7 -13 -12 -10 -16 -11   2  -3 -16 -14 -12 -16 -15 -13 -16 -11  -9 -15 -15 -12  -9  15 -11 
X  -9 -12 -11 -12 -14 -10 -12 -11 -12 -10 -10 -12 -11 -10 -14 -10  -9 -12 -11  -9 -11 -11  12 
