# David Jimenez-Morales and Jie Liang
# Pattern of Amino Acid Substitution in Transmembrane Segments of Beta-Barrel Membrane Proteins
# bbTMout Matrix's Relative Entropy (Average Score per pair) -10.2475 bits
# Lowest score = -23 , Highest score = 25 
    A   R   N   D   C   Q   E   G   H   I   L   K   M   F   P   S   T   W   Y   V   B   Z   X
A   7 -17 -17 -18 -16 -16 -14  -2 -17  -6  -6 -18 -10  -8 -12  -7  -4 -14 -13  -2 -17  -8 -10 
R -17  14 -12 -14 -16  -9 -13 -15 -10 -16 -16  -9 -17 -18 -18 -16 -12 -16 -12 -17 -13 -14 -12 
N -17 -12  13  -6 -16  -8 -12 -13 -12 -18 -16 -12 -12 -17 -18  -8  -7 -18 -15 -17   4 -12 -12 
D -18 -14  -6  14 -16 -11  -9 -12 -16 -18 -15 -11 -16 -18 -18 -12 -15 -18 -16 -18   4 -10 -13 
C -18 -17 -16 -16  25 -15 -16 -18 -18 -18 -20 -18 -19 -18 -17 -18 -16 -18 -16 -17 -16 -17 -15 
Q -16  -9  -8 -11 -14  12  -8 -16  -6 -17 -17 -11 -14 -16 -14 -12  -8 -15 -12 -15  -9 -12 -11 
E -14 -13 -12  -9 -16  -8  17 -15 -16 -18 -16 -17 -18 -17 -20 -16 -12 -17 -17 -15 -10   1 -13 
G  -2 -15 -13 -13 -16 -16 -15   8 -18 -14 -11 -17 -14 -11 -14  -8  -8 -16 -15 -11 -13  -3 -11 
H -17 -10 -12 -16 -16  -6 -16 -18  13 -17 -16 -15 -17 -17 -18 -13 -16 -14 -10 -18 -14 -17 -13 
I  -6 -17 -18 -18 -16 -17 -18 -14 -17   7  -1 -18  -7  -6 -18 -15 -11 -12 -14   2 -18 -16 -11 
L  -6 -16 -16 -15 -23 -17 -16 -11 -16  -1   5 -17  -5  -2 -16 -15 -10  -9 -11   0 -15 -13 -10 
K -18  -9 -12 -11 -16 -11 -17 -17 -15 -18 -17  15 -16 -16 -16 -14 -13 -17 -16 -18 -11 -17 -13 
M -10 -17 -12 -16 -16 -14 -18 -14 -17  -7  -5 -16  12  -8 -18 -15  -9 -14 -14  -7 -14 -16 -11 
F  -8 -18 -17 -18 -16 -16 -17 -11 -17  -6  -2 -16  -8   7 -14 -14 -14  -8  -5  -5 -17 -14 -11 
P -12 -18 -18 -18 -16 -14 -20 -14 -18 -18 -16 -16 -18 -14  12 -13 -13 -17 -20 -18 -18 -17 -14 
S  -7 -16  -8 -12 -16 -12 -16  -8 -13 -15 -15 -14 -15 -14 -13  11  -5 -17 -15 -14 -10 -12 -11 
T  -4 -12  -7 -15 -16  -8 -12  -8 -16 -11 -10 -13  -9 -14 -13  -5   9 -16 -13  -7 -11 -10 -10 
W -14 -16 -18 -18 -16 -15 -17 -16 -14 -12  -9 -17 -14  -8 -17 -17 -16  10  -5  -9 -18 -16 -12 
Y -13 -12 -15 -16 -16 -12 -17 -15 -10 -14 -11 -16 -14  -5 -20 -15 -13  -5   6 -12 -15 -16 -12 
V  -2 -17 -17 -18 -17 -15 -15 -11 -18   2   0 -18  -7  -5 -18 -14  -7  -9 -12   6 -17 -13 -10 
B -17 -13   4   4 -16  -9 -10 -13 -14 -18 -15 -11 -14 -17 -18 -10 -11 -18 -15 -17  14  -9 -12 
Z  -8 -14 -12 -10 -17 -12   1  -3 -17 -16 -13 -17 -16 -14 -17 -12 -10 -16 -16 -13  -9  15 -12 
X -10 -12 -12 -13 -15 -11 -13 -11 -13 -11 -10 -13 -11 -11 -14 -11 -10 -12 -12 -10 -12 -12  12 
