# David Jimenez-Morales and Jie Liang
# Pattern of Amino Acid Substitution in Transmembrane Segments of Beta-Barrel Membrane Proteins
# bbTMout Matrix's Relative Entropy (Average Score per pair) -5.8345 bits
# Lowest score = -16 , Highest score = 25 
    A   R   N   D   C   Q   E   G   H   I   L   K   M   F   P   S   T   W   Y   V   B   Z   X
A   6 -12 -11 -13 -12 -11 -10   1 -13  -1  -2 -14  -5  -3  -8  -3   0  -9  -8   0 -12  -4  -6 
R -12  14  -8 -10 -12  -5  -9 -11  -6 -12 -12  -5 -13 -13 -14 -11  -8 -12  -8 -13  -9 -10  -9 
N -11  -8  13  -1 -12  -4  -8  -9  -7 -13 -12  -7  -8 -13 -14  -4  -3 -14 -11 -12   6  -8  -7 
D -13 -10  -1  14 -12  -7  -5  -8 -12 -13 -12  -6 -12 -13 -14  -8 -11 -14 -12 -13   7  -6  -9 
C -14 -13 -12 -12  25 -11 -11 -14 -14 -14 -15 -14 -14 -14 -13 -14 -12 -14 -12 -13 -12 -12 -11 
Q -11  -5  -4  -7 -10  12  -4 -12  -2 -12 -12  -7 -10 -12 -10  -8  -4 -11  -8 -11  -5  -8  -7 
E -10  -9  -8  -5 -12  -4  17 -11 -12 -12 -12 -13 -14 -13 -16 -11  -8 -13 -13 -11  -6   3  -9 
G   1 -11  -9  -8 -12 -12 -11   8 -14  -7  -6 -13  -9  -7  -9  -4  -3 -11 -10  -5  -8  -1  -7 
H -13  -6  -7 -12 -12  -2 -12 -14  13 -12 -12 -10 -13 -12 -14  -9 -12  -9  -5 -13  -9 -13  -9 
I  -1 -12 -13 -13 -13 -12 -12  -7 -12   5   2 -14  -3  -1 -13 -10  -5  -7  -8   3 -13  -9  -7 
L  -2 -12 -12 -12 -16 -12 -12  -6 -12   2   4 -13  -2   1 -12 -10  -5  -5  -6   2 -12  -9  -7 
K -14  -5  -7  -6 -12  -7 -13 -13 -10 -14 -13  14 -12 -12 -12 -10  -9 -13 -12 -14  -6 -13  -9 
M  -5 -13  -8 -12 -12 -10 -14  -9 -13  -3  -2 -12  12  -4 -14 -10  -5 -10  -9  -3 -10 -11  -7 
F  -3 -13 -13 -13 -13 -12 -13  -7 -12  -1   1 -12  -4   6 -10 -10  -8  -4  -2  -1 -13 -10  -7 
P  -8 -14 -14 -14 -12 -10 -16  -9 -14 -13 -12 -12 -14 -10  12  -8  -9 -13 -15 -12 -14 -12 -10 
S  -3 -11  -4  -8 -12  -8 -11  -4  -9 -10 -10 -10 -10 -10  -8  11  -1 -13 -11  -9  -6  -7  -7 
T   0  -8  -3 -11 -12  -4  -8  -3 -12  -5  -5  -9  -5  -8  -9  -1   9 -11  -9  -4  -7  -5  -5 
W  -9 -12 -14 -14 -12 -11 -13 -11  -9  -7  -5 -13 -10  -4 -13 -13 -11   9  -1  -6 -14 -12  -8 
Y  -8  -8 -11 -12 -12  -8 -13 -10  -5  -8  -6 -12  -9  -2 -15 -11  -9  -1   6  -7 -11 -11  -8 
V   0 -13 -12 -13 -13 -11 -11  -5 -13   3   2 -14  -3  -1 -12  -9  -4  -6  -7   4 -12  -8  -6 
B -12  -9   6   7 -12  -5  -6  -8  -9 -13 -12  -6 -10 -13 -14  -6  -7 -14 -11 -12  14  -5  -8 
Z  -4 -10  -8  -6 -12  -8   3  -1 -13  -9  -9 -13 -11 -10 -12  -7  -5 -12 -11  -8  -5  15  -8 
X  -6  -9  -7  -9 -11  -7  -9  -7  -9  -7  -7  -9  -7  -7 -10  -7  -5  -8  -8  -6  -8  -8  11 
