# David Jimenez-Morales and Jie Liang
# Pattern of Amino Acid Substitution in Transmembrane Segments of Beta-Barrel Membrane Proteins
# bbTMout Matrix's Relative Entropy (Average Score per pair) -2.3885 bits
# Lowest score = -12 , Highest score = 25 
    A   R   N   D   C   Q   E   G   H   I   L   K   M   F   P   S   T   W   Y   V   B   Z   X
A   3  -8  -6  -8  -9  -7  -7   3  -9   1   1  -9  -1   0  -6  -1   1  -4  -4   1  -7  -2  -3 
R  -8  13  -4  -6  -8  -1  -5  -7  -2  -9  -8  -1  -9  -8 -10  -7  -5  -8  -5  -9  -5  -6  -5 
N  -6  -4  12   2  -8   0  -5  -5  -4  -8  -8  -4  -5  -8 -10   0   0  -9  -7  -8   7  -5  -4 
D  -8  -6   2  14  -8  -3  -2  -5  -8  -9  -8  -3  -8  -9 -10  -4  -7 -10  -8  -9   8  -3  -5 
C -10  -9  -8  -8  25  -7  -8 -10 -10 -10 -10 -10 -10 -10  -9 -10  -9 -10  -8 -10  -8  -9  -7 
Q  -7  -1   0  -3  -7  11  -1  -7   1  -8  -8  -3  -6  -7  -6  -4  -1  -7  -4  -7  -1  -4  -3 
E  -7  -5  -4  -2  -8  -1  17  -7  -8  -8  -8  -9  -9  -9 -12  -7  -5  -9  -9  -8  -3   5  -5 
G   3  -7  -5  -5  -9  -7  -7   6 -10  -1  -2  -9  -4  -2  -6  -1   0  -6  -6  -1  -5  -0  -3 
H  -9  -2  -4  -8  -8   1  -8 -10  12  -8  -8  -7  -9  -7 -10  -6  -8  -5  -2  -8  -6  -9  -5 
I   1  -9  -8  -9  -9  -8  -8  -1  -8   2   2 -10   0   1  -8  -5  -1  -3  -3   2  -8  -4  -4 
L   1  -8  -8  -8 -10  -8  -8  -2  -8   2   2  -9   0   2  -8  -5  -2  -2  -2   2  -8  -5  -3 
K  -9  -1  -4  -3  -8  -3  -9  -9  -7 -10  -9  14  -9  -9  -8  -6  -6  -9  -8 -10  -3  -9  -6 
M  -1  -9  -5  -8  -9  -6  -9  -4  -9   0   0  -9  10   0  -9  -6  -2  -5  -5   0  -6  -6  -4 
F   0  -9  -8  -9  -9  -7  -9  -2  -7   1   2  -9   0   3  -7  -5  -3  -1   0   1  -8  -5  -3 
P  -6 -10 -10 -10  -8  -6 -12  -6 -10  -8  -8  -8  -9  -7  12  -5  -6  -9 -11  -8 -10  -9  -7 
S  -1  -7   0  -5  -8  -4  -7  -1  -6  -5  -5  -6  -6  -5  -5  10   2  -8  -7  -4  -2  -4  -3 
T   1  -5   0  -7  -9  -1  -5   0  -8  -1  -2  -6  -2  -3  -6   2   7  -6  -5  -1  -3  -2  -2 
W  -4  -8  -9 -10  -9  -7  -9  -6  -5  -3  -2  -9  -5  -1  -9  -8  -6   8   2  -2  -9  -7  -5 
Y  -4  -5  -7  -8  -9  -4  -9  -6  -2  -3  -2  -8  -5   0 -11  -7  -5   2   5  -3  -7  -7  -4 
V   1  -9  -8  -9  -9  -7  -8  -1  -8   2   2 -10   0   1  -8  -4  -1  -2  -3   2  -8  -4  -3 
B  -7  -5   7   8  -8  -1  -3  -5  -6  -8  -8  -3  -6  -8 -10  -2  -3  -9  -7  -8  13  -2  -4 
Z  -2  -6  -5  -3  -9  -4   5  -0  -9  -4  -5  -9  -6  -5  -9  -4  -2  -7  -7  -4  -2  14  -4 
X  -3  -5  -4  -5  -7  -3  -5  -3  -5  -4  -3  -6  -4  -3  -7  -3  -2  -5  -4  -3  -4  -4  10 
