# David Jimenez-Morales and Jie Liang
# Pattern of Amino Acid Substitution in Transmembrane Segments of Beta-Barrel Membrane Proteins
# bbTMout Matrix's Relative Entropy (Average Score per pair) -3.6868 bits
# Lowest score = -13 , Highest score = 25 
    A   R   N   D   C   Q   E   G   H   I   L   K   M   F   P   S   T   W   Y   V   B   Z   X
A   4 -10  -8 -10 -10  -8  -8   2 -10   1   0 -11  -3  -1  -6  -2   1  -6  -6   1  -9  -3  -4 
R -10  14  -5  -7 -10  -2  -6  -8  -4 -10 -10  -2 -10 -10 -12  -9  -6  -9  -6 -10  -6  -7  -6 
N  -8  -5  12   1 -10  -1  -6  -6  -5 -10  -9  -5  -6 -10 -11  -1  -1 -11  -8  -9   7  -6  -5 
D -10  -7   1  14 -10  -5  -3  -6  -9 -10  -9  -4 -10 -11 -12  -6  -8 -11  -9 -10   8  -4  -6 
C -11 -11  -9 -10  25  -9  -9 -12 -12 -11 -12 -12 -12 -11 -11 -12 -10 -11  -9 -11  -9 -10  -9 
Q  -8  -2  -1  -5  -8  11  -2  -9   0  -9  -9  -4  -7  -9  -8  -5  -2  -8  -6  -9  -3  -5  -5 
E  -8  -6  -6  -3 -10  -2  17  -8  -9 -10  -9 -10 -11 -10 -13  -9  -6 -10 -10  -9  -4   5  -7 
G   2  -8  -6  -6 -10  -9  -8   7 -11  -3  -3 -10  -6  -4  -7  -2  -1  -8  -7  -2  -6  -0  -5 
H -10  -4  -5  -9 -10   0  -9 -11  12 -10  -9  -8 -10  -9 -12  -7  -9  -6  -3 -10  -7 -10  -6 
I   1 -10 -10 -10 -11  -9 -10  -3 -10   3   2 -11  -1   1 -10  -6  -2  -4  -5   3 -10  -6  -5 
L   0 -10  -9  -9 -12  -9  -9  -3  -9   2   3 -11   0   2  -9  -6  -3  -3  -4   2  -9  -6  -4 
K -11  -2  -5  -4 -10  -4 -10 -10  -8 -11 -11  14 -10 -10 -10  -8  -7 -10 -10 -11  -4 -10  -7 
M  -3 -10  -6 -10 -10  -7 -11  -6 -10  -1   0 -10  11  -1 -11  -7  -3  -6  -6  -1  -8  -8  -5 
F  -1 -10 -10 -11 -10  -9 -10  -4  -9   1   2 -10  -1   4  -8  -7  -5  -2   0   1 -10  -7  -4 
P  -6 -12 -11 -12 -10  -8 -13  -7 -12 -10  -9 -10 -11  -8  12  -6  -7 -10 -12  -9 -11 -10  -8 
S  -2  -9  -1  -6 -10  -5  -9  -2  -7  -6  -6  -8  -7  -7  -6  11   1 -10  -8  -6  -3  -5  -5 
T   1  -6  -1  -8 -10  -2  -6  -1  -9  -2  -3  -7  -3  -5  -7   1   8  -8  -6  -2  -4  -3  -3 
W  -6  -9 -11 -11 -10  -8 -10  -8  -6  -4  -3 -10  -6  -2 -10 -10  -8   9   1  -4 -11  -9  -6 
Y  -6  -6  -8  -9 -10  -6 -10  -7  -3  -5  -4 -10  -6   0 -12  -8  -6   1   6  -4  -8  -8  -5 
V   1 -10  -9 -10 -11  -9  -9  -2 -10   3   2 -11  -1   1  -9  -6  -2  -4  -4   3  -9  -5  -4 
B  -9  -6   7   8  -9  -3  -4  -6  -7 -10  -9  -4  -8 -10 -11  -3  -4 -11  -8  -9  13  -3  -5 
Z  -3  -7  -6  -4 -10  -5   5  -0 -10  -6  -6 -10  -8  -7 -10  -5  -3  -9  -8  -5  -3  14  -5 
X  -4  -6  -5  -6  -9  -5  -7  -5  -6  -5  -4  -7  -5  -4  -8  -5  -3  -6  -5  -4  -5  -5  10 
