# bbTMout
# Lowest score = -16 , Highest score = 25
A R N D C Q E G H I L K M F P S T W Y V B Z X *
A 6 -12 -11 -13 -12 -11 -10 1 -13 -1 -1 -13 -5 -3 -8 -3 0 -9 -8 0 -12 -4 -6 -16
R -12 14 -7 -9 -12 -5 -8 -10 -6 -12 -12 -4 -13 -13 -14 -11 -8 -12 -8 -12 -8 -9 -8 -16
N -11 -7 13 -1 -12 -3 -8 -9 -7 -13 -12 -7 -8 -12 -14 -3 -3 -14 -10 -12 6 -8 -7 -16
D -13 -9 -1 14 -12 -7 -5 -8 -12 -13 -11 -6 -12 -13 -14 -8 -11 -14 -11 -13 7 -6 -8 -16
C -14 -13 -11 -12 25 -11 -11 -14 -14 -14 -15 -14 -14 -14 -13 -14 -12 -14 -11 -13 -11 -12 -11 -16
Q -11 -5 -3 -7 -10 12 -4 -12 -2 -12 -12 -6 -9 -12 -10 -8 -4 -10 -8 -11 -5 -8 -7 -16
E -10 -8 -8 -5 -12 -4 17 -11 -12 -12 -12 -13 -14 -12 -16 -11 -8 -13 -13 -11 -6 3 -9 -16
G 1 -10 -9 -8 -12 -12 -11 8 -14 -6 -6 -13 -9 -7 -9 -4 -3 -11 -10 -5 -8 -1 -7 -16
H -13 -6 -7 -12 -12 -2 -12 -14 13 -12 -12 -10 -13 -11 -14 -9 -12 -9 -5 -13 -9 -13 -9 -16
I -1 -12 -13 -13 -13 -12 -12 -6 -12 5 2 -14 -3 -1 -13 -9 -5 -6 -8 3 -13 -9 -7 -16
L -1 -12 -12 -11 -15 -12 -12 -6 -12 2 4 -13 -2 1 -11 -9 -5 -5 -6 2 -11 -9 -6 -16
K -13 -4 -7 -6 -12 -6 -13 -13 -10 -14 -13 14 -12 -12 -12 -10 -9 -13 -12 -13 -6 -13 -9 -16
M -5 -13 -8 -12 -12 -9 -14 -9 -13 -3 -2 -12 12 -3 -13 -10 -4 -9 -9 -3 -10 -11 -7 -16
F -3 -13 -12 -13 -12 -12 -12 -7 -11 -1 1 -12 -3 6 -10 -10 -8 -3 -2 0 -12 -9 -6 -16
P -8 -14 -14 -14 -12 -10 -16 -9 -14 -13 -11 -12 -14 -10 12 -8 -9 -13 -15 -12 -14 -12 -10 -16
S -3 -11 -3 -8 -12 -8 -11 -4 -9 -9 -9 -10 -10 -10 -8 11 -1 -12 -11 -8 -5 -7 -7 -16
T 0 -8 -3 -11 -12 -4 -8 -3 -12 -5 -5 -9 -4 -8 -9 -1 9 -11 -8 -3 -7 -5 -5 -16
W -9 -12 -14 -14 -12 -10 -13 -11 -9 -6 -5 -13 -9 -3 -13 -12 -11 9 -1 -5 -14 -12 -8 -16
Y -8 -8 -10 -11 -12 -8 -13 -10 -5 -8 -6 -12 -9 -2 -15 -11 -8 -1 6 -7 -10 -11 -7 -16
V 0 -12 -12 -13 -13 -11 -11 -5 -13 3 2 -13 -3 0 -12 -8 -3 -5 -7 4 -12 -8 -6 -16
B -12 -8 6 7 -11 -5 -6 -8 -9 -13 -11 -6 -10 -12 -14 -5 -7 -14 -10 -12 14 -5 -8 -16
Z -4 -9 -8 -6 -12 -8 3 -1 -13 -9 -9 -13 -11 -9 -12 -7 -5 -12 -11 -8 -5 15 -8 -16
X -6 -8 -7 -8 -11 -7 -9 -7 -9 -7 -6 -9 -7 -6 -10 -7 -5 -8 -7 -6 -8 -8 1 -16
* -16 -16 -16 -16 -16 -16 -16 -16 -16 -16 -16 -16 -16 -16 -16 -16 -16 -16 -16 -16 -16 -16 -16 1
