# David Jimenez-Morales and Jie Liang
# Pattern of Amino Acid Substitution in Transmembrane Segments of Beta-Barrel Membrane Proteins
# bbTMout Matrix's Relative Entropy (Average Score per pair) -12.6612 bits
# Lowest score = -23 , Highest score = 25 
    A   R   N   D   C   Q   E   G   H   I   L   K   M   F   P   S   T   W   Y   V   B   Z   X
A   7 -20 -19 -21 -19 -19 -16  -4 -20  -9  -8 -21 -13 -10 -15 -10  -6 -17 -15  -4 -20 -10 -12 
R -20  14 -14 -16 -19 -11 -15 -17 -13 -19 -19 -11 -20 -21 -21 -18 -15 -19 -15 -20 -15 -16 -15 
N -19 -14  13  -8 -19 -10 -15 -15 -14 -21 -19 -14 -15 -20 -21 -10  -9 -21 -17 -20   3 -15 -14 
D -21 -16  -8  14 -19 -14 -12 -15 -19 -21 -18 -13 -19 -21 -21 -15 -18 -21 -18 -21   3 -13 -15 
C -21 -20 -18 -19  25 -18 -18 -21 -21 -21 -23 -21 -21 -21 -20 -21 -19 -21 -18 -19 -18 -19 -17 
Q -19 -11 -10 -14 -17  12 -11 -19  -9 -19 -20 -13 -16 -19 -17 -15 -10 -18 -14 -18 -12 -15 -13 
E -16 -15 -15 -12 -19 -11  17 -18 -19 -20 -19 -20 -21 -20 -23 -18 -14 -20 -20 -18 -13  -0 -16 
G  -4 -17 -15 -15 -19 -19 -18   8 -21 -17 -14 -20 -17 -14 -16 -11 -10 -19 -17 -15 -15  -5 -14 
H -20 -13 -14 -19 -19  -9 -19 -21  13 -19 -18 -17 -20 -19 -21 -16 -19 -16 -12 -21 -16 -20 -15 
I  -9 -19 -21 -21 -19 -19 -20 -17 -19   8  -3 -21  -9  -8 -21 -18 -15 -15 -17   1 -21 -18 -14 
L  -8 -19 -19 -18 -23 -20 -19 -14 -18  -3   6 -20  -8  -4 -18 -17 -13 -12 -13  -2 -18 -16 -13 
K -21 -11 -14 -13 -19 -13 -20 -20 -17 -21 -20  15 -19 -19 -19 -17 -15 -20 -19 -21 -13 -20 -16 
M -13 -20 -15 -19 -19 -16 -21 -17 -20  -9  -8 -19  12 -10 -21 -17 -11 -17 -17 -10 -17 -19 -14 
F -10 -21 -20 -21 -19 -19 -20 -14 -19  -8  -4 -19 -10   8 -16 -17 -17 -10  -8  -7 -20 -17 -13 
P -15 -21 -21 -21 -19 -17 -23 -16 -21 -21 -18 -19 -21 -16  12 -15 -16 -20 -23 -20 -21 -19 -17 
S -10 -18 -10 -15 -19 -15 -18 -11 -16 -18 -17 -17 -17 -17 -15  11  -7 -20 -18 -16 -12 -14 -14 
T  -6 -15  -9 -18 -19 -10 -15 -10 -19 -15 -13 -15 -11 -17 -16  -7   9 -19 -15 -10 -13 -12 -12 
W -17 -19 -21 -21 -19 -18 -20 -19 -16 -15 -12 -20 -17 -10 -20 -20 -19  10  -7 -12 -21 -19 -15 
Y -15 -15 -17 -18 -19 -14 -20 -17 -12 -17 -13 -19 -17  -8 -23 -18 -15  -7   6 -15 -17 -18 -14 
V  -4 -20 -20 -21 -19 -18 -18 -15 -21   1  -2 -21 -10  -7 -20 -16 -10 -12 -15   6 -20 -16 -13 
B -20 -15   3   3 -18 -12 -13 -15 -16 -21 -18 -13 -17 -20 -21 -12 -13 -21 -17 -20  14 -12 -14 
Z -10 -16 -15 -13 -19 -15  -0  -5 -20 -18 -16 -20 -19 -17 -19 -14 -12 -19 -18 -16 -12  15 -14 
X -12 -15 -14 -15 -17 -13 -16 -14 -15 -14 -13 -16 -14 -13 -17 -14 -12 -15 -14 -13 -14 -14  12 
