# David Jimenez-Morales and Jie Liang
# Pattern of Amino Acid Substitution in Transmembrane Segments of Beta-Barrel Membrane Proteins
# bbTMout Matrix's Relative Entropy (Average Score per pair) -4.9974 bits
# Lowest score = -15 , Highest score = 25 
    A   R   N   D   C   Q   E   G   H   I   L   K   M   F   P   S   T   W   Y   V   B   Z   X
A   5 -11 -10 -12 -11 -10  -9   2 -12   0  -1 -12  -4  -2  -8  -3   0  -8  -7   1 -11  -3  -5 
R -11  14  -7  -9 -11  -4  -8 -10  -5 -11 -11  -4 -12 -12 -13 -10  -7 -11  -7 -11  -8  -9  -8 
N -10  -7  13   0 -11  -3  -7  -8  -6 -12 -11  -6  -7 -12 -13  -3  -2 -13 -10 -11   7  -7  -6 
D -12  -9   0  14 -11  -6  -4  -8 -11 -12 -11  -5 -11 -12 -13  -7 -10 -13 -11 -12   7  -6  -8 
C -13 -12 -11 -11  25 -10 -10 -13 -13 -13 -14 -13 -13 -13 -12 -13 -11 -13 -11 -12 -11 -11 -10 
Q -10  -4  -3  -6  -9  12  -3 -11  -1 -11 -11  -6  -9 -11  -9  -7  -3 -10  -7 -10  -4  -7  -6 
E  -9  -8  -7  -4 -11  -3  17 -10 -11 -11 -11 -12 -13 -12 -15 -10  -7 -12 -12 -10  -5   4  -8 
G   2 -10  -8  -8 -11 -11 -10   7 -13  -5  -5 -12  -8  -6  -8  -3  -2 -10  -9  -4  -8  -1  -6 
H -12  -5  -6 -11 -11  -1 -11 -13  13 -11 -11  -9 -12 -10 -13  -8 -11  -8  -5 -12  -8 -12  -8 
I   0 -11 -12 -12 -12 -11 -11  -5 -11   4   2 -13  -2   0 -12  -8  -4  -6  -7   3 -12  -8  -6 
L  -1 -11 -11 -11 -14 -11 -11  -5 -11   2   3 -12  -1   1 -11  -8  -4  -4  -5   2 -11  -8  -6 
K -13  -4  -6  -5 -11  -6 -12 -12  -9 -13 -12  14 -11 -11 -11  -9  -8 -12 -11 -13  -5 -12  -8 
M  -4 -12  -7 -11 -11  -9 -13  -8 -12  -2  -1 -11  12  -3 -13  -9  -4  -8  -8  -2  -9 -10  -6 
F  -2 -12 -12 -12 -12 -11 -12  -6 -10   0   1 -11  -3   6  -9  -9  -7  -3  -1   0 -12  -9  -6 
P  -8 -13 -13 -13 -11  -9 -15  -8 -13 -12 -11 -11 -13  -9  12  -7  -8 -12 -14 -11 -13 -11  -9 
S  -3 -10  -3  -7 -11  -7 -10  -3  -8  -8  -8  -9  -9  -9  -7  11   0 -11 -10  -7  -5  -6  -6 
T   0  -7  -2 -10 -11  -3  -7  -2 -11  -4  -4  -8  -4  -7  -8   0   8 -10  -8  -3  -6  -4  -5 
W  -8 -11 -13 -13 -11 -10 -12 -10  -8  -6  -4 -12  -8  -3 -12 -11 -10   9   0  -5 -13 -11  -7 
Y  -7  -7 -10 -11 -11  -7 -12  -9  -5  -7  -5 -11  -8  -1 -14 -10  -8   0   6  -6 -10 -10  -7 
V   1 -12 -11 -12 -12 -10 -10  -4 -12   3   2 -13  -2   0 -11  -7  -3  -5  -6   3 -11  -7  -6 
B -11  -8   7   7 -11  -4  -5  -8  -8 -12 -11  -5  -9 -12 -13  -5  -6 -13 -10 -11  14  -4  -7 
Z  -3  -9  -7  -6 -11  -7   4  -1 -12  -8  -8 -12 -10  -9 -11  -6  -4 -11 -10  -7  -4  15  -7 
X  -5  -8  -6  -8 -10  -6  -8  -6  -8  -6  -6  -8  -6  -6  -9  -6  -5  -7  -7  -6  -7  -7  11 
