0.996545454545
0.821853146853
0.792560553633
0.699134948097
0.68852739726
0.659895833333
0.43785942492
0.34381443299
0.333498349835
0.330198019802
0.328084415584
0.327815699659
0.322741935484
0.320297029703
0.320297029703
0.317736486486
0.314444444444
0.306696428571
0.306292517007
0.299842271293
0.297205882353
0.294942196532
0.292543859649
0.287936046512
0.287191358025
0.284580838323
0.282944606414
0.281715210356
0.281304347826
0.276308139535
0.276308139535
0.276112759644
0.275214899713
0.271848739496
0.270735294118
0.269891008174
0.268367346939
0.268137254902
0.266430594901
0.263304093567
0.262853107345
0.2588
0.255678233438
0.254936305732
0.254428571429
0.253466666667
0.250775193798
0.247526041667
0.24452247191
0.243449197861
0.2428802589
0.241522988506
0.239693593315
0.235434173669
0.235100286533
0.231650246305
0.231114130435
0.230917159763
0.226033057851
0.223848684211
0.221575342466
0.213796680498
0.213434903047
0.204447115385
0.204045307443
0.19968487395
0.197432432432
0.19412568306
0.193058823529
0.188742393509
0.187470725995
0.183946078431
0.175059101655
0.172448979592
0.168599562363
0.167191283293
0.162274774775
0.156312292359
0.14943438914
0.140668202765
0.1396875
0.137891440501
0.131149193548
0.121255506608
0.117755991285