#bbTMin
# Lowest score = -14 , Highest score = 23
A R N D C Q E G H I L K M F P S T W Y V B Z X *
A 7 -9 -4 -7 -14 -7 -6 1 -12 -6 -3 -8 -5 -10 -9 0 0 -12 -12 -2 -5 -2 -5 -14
R -9 8 -8 -11 -12 -5 -11 -10 -6 -11 -9 -2 -12 -9 -14 -6 -7 -14 -11 -8 -9 -10 -8 -14
N -4 -8 8 -1 -12 -4 -8 -6 -6 -10 -8 -5 -6 -11 -11 0 -2 -10 -9 -8 4 -7 -6 -14
D -7 -11 -1 9 -14 -4 0 -6 -10 -12 -7 -10 -9 -10 -12 -5 -7 -11 -11 -8 4 -3 -7 -14
C -13 -12 -12 -14 23 -12 -11 -14 -14 -14 -14 -14 -14 -14 -14 -12 -13 -14 -11 -12 -13 -12 -11 -14
Q -7 -5 -4 -4 -12 8 0 -10 -6 -6 -5 -3 -8 -11 -12 -4 -5 -11 -10 -6 -4 -5 -6 -14
E -6 -11 -8 0 -11 0 8 -9 -12 -11 -10 -10 -8 -12 -11 -7 -7 -10 -11 -6 -4 -0 -7 -14
G 1 -10 -6 -6 -14 -10 -9 6 -13 -11 -9 -11 -9 -13 -13 -2 -5 -12 -13 -8 -6 -1 -8 -14
H -12 -6 -6 -10 -14 -6 -12 -13 14 -13 -10 -10 -14 -13 -14 -8 -9 -13 -9 -12 -8 -12 -9 -14
I -6 -11 -10 -12 -14 -6 -11 -11 -13 12 -3 -10 -5 -8 -13 -8 -4 -13 -10 3 -11 -11 -7 -14
L -3 -9 -8 -7 -14 -5 -10 -9 -10 -3 10 -9 -1 -6 -12 -8 -6 -12 -11 -1 -7 -9 -6 -14
K -8 -2 -5 -10 -14 -3 -10 -11 -10 -10 -9 9 -12 -13 -12 -7 -6 -12 -14 -10 -7 -10 -8 -14
M -5 -12 -6 -9 -14 -8 -8 -9 -14 -5 -1 -12 12 -5 -13 -4 -3 -12 -11 -6 -7 -8 -7 -14
F -10 -9 -11 -10 -14 -11 -12 -13 -13 -8 -6 -13 -5 11 -13 -9 -7 -11 2 -9 -10 -12 -8 -14
P -9 -14 -11 -12 -14 -12 -11 -12 -14 -13 -12 -12 -13 -13 16 -10 -11 -11 -12 -12 -11 -11 -10 -14
S 0 -6 0 -5 -12 -4 -7 -2 -8 -8 -8 -7 -4 -9 -10 6 2 -10 -11 -5 -2 -4 -5 -14
T 0 -7 -2 -7 -14 -5 -7 -5 -9 -4 -6 -6 -3 -7 -11 2 7 -12 -7 -1 -4 -6 -5 -14
W -12 -14 -10 -11 -14 -11 -10 -12 -13 -13 -12 -12 -12 -11 -11 -10 -12 13 -7 -13 -10 -11 -10 -14
Y -12 -11 -9 -11 -11 -10 -11 -13 -9 -10 -11 -14 -11 2 -12 -11 -7 -7 9 -10 -10 -12 -8 -14
V -2 -8 -8 -8 -12 -6 -6 -8 -12 3 -1 -10 -6 -9 -12 -5 -1 -13 -10 11 -8 -7 -6 -14
B -5 -9 4 4 -13 -4 -4 -6 -8 -11 -7 -7 -7 -10 -11 -2 -4 -10 -10 -8 9 -4 -6 -14
Z -2 -10 -7 -3 -12 -5 -0 -1 -12 -11 -9 -10 -8 -12 -11 -4 -6 -11 -12 -7 -4 8 -6 -14
X -5 -8 -6 -7 -11 -6 -7 -8 -9 -7 -6 -8 -7 -8 -10 -5 -5 -10 -8 -6 -6 -6 1 -14
* -14 -14 -14 -14 -14 -14 -14 -14 -14 -14 -14 -14 -14 -14 -14 -14 -14 -14 -14 -14 -14 -14 -14 1