0 -2 -3 -4 -5 -3 -2 -3 -4 -3 0 2 -3 9 -1 -4 -3 -2 -3 -2 0 
1 -2 -2 1 -2 -3 1 -2 -3 -3 -2 0 -2 -2 -3 1 2 5 -4 -3 -2 
2 -1 -3 -3 -3 -4 -3 -3 -3 -3 -4 -3 -2 -3 -4 8 -2 2 -5 -4 -3 
3 -1 0 -3 -4 -3 -3 -4 -4 -4 -1 3 -3 2 4 -4 1 1 2 -1 -2 
4 -3 6 -2 2 -1 0 -2 -4 -2 -5 -4 0 -3 0 3 -1 -1 -5 -3 -4 
5 2 1 -1 -2 -3 -3 -3 0 -3 -3 -1 -2 -3 -1 4 -1 3 1 -3 0 
6 0 2 -4 -4 -4 -3 -4 -1 -4 0 2 -3 -2 4 2 -2 -2 -3 -2 2 
7 -1 5 0 -3 -4 -2 -3 -2 4 -3 2 -1 -2 -1 -2 1 -1 -4 -1 -3 
8 0 4 -1 -3 2 1 -2 -1 -3 -3 -1 2 1 -1 1 1 -1 -4 -3 -3 
9 1 -1 -3 -3 -3 -1 -3 -2 2 -1 2 -3 -2 -3 1 2 3 -4 -3 -2 
10 1 2 -2 -3 -3 -2 -3 -2 4 -2 0 -2 -3 -1 -1 3 3 -4 -3 -2 
11 -1 1 -4 -4 -4 -3 -3 -4 0 -1 2 -2 -1 -3 6 -2 -2 -5 -2 1 
12 -1 0 -5 -5 -1 -4 -4 -5 -4 0 5 -4 1 1 -1 -2 -3 -4 -3 0 
13 4 2 -3 -4 -3 -3 -3 -1 -4 -2 0 -1 -2 -4 -2 1 -1 0 -4 2 
14 -1 3 -1 -4 -1 -1 -3 0 0 -1 2 -2 2 -3 -1 0 2 0 -1 -1 
15 4 -4 -3 -4 -3 -3 -3 1 -4 0 -1 -3 -3 -3 0 0 2 -5 -4 -1 
16 0 -3 -5 -5 -3 -4 -5 -5 -5 4 3 -4 1 -2 -2 -1 -2 -4 -3 3 
17 3 3 -4 -4 -1 -2 -3 -3 -2 -1 1 -2 -2 -1 1 0 -2 -4 -2 0 
18 2 -4 -3 -5 3 -4 -4 -4 -4 0 3 -4 1 3 -1 0 -1 -4 -3 1 
19 4 -4 -3 -4 3 -3 -3 1 -4 -3 -1 -3 -1 -4 -2 2 2 -5 -4 0 
20 2 -4 -4 -5 2 -4 -4 -2 0 0 4 -4 0 1 -3 -2 0 -4 -3 2 
21 1 -2 -4 -4 0 -4 -2 1 -4 0 3 -4 0 0 1 -1 -2 -4 -3 0 
22 2 -4 -4 -4 2 -3 -4 2 -4 -2 0 -3 -1 -4 5 0 -1 -5 -2 -1 
23 2 -4 -4 -4 -2 -2 -2 -1 -2 0 2 -4 2 0 0 0 0 0 -3 2 
24 4 -2 -3 -4 -1 -1 -3 -3 -4 -1 -2 -3 -2 -4 3 2 0 -5 -4 0 
25 3 -2 -3 -2 0 2 -3 2 -4 -3 -1 -3 0 -1 1 1 0 -5 -4 0 
26 3 -2 -1 -4 -4 1 -2 -2 0 -2 2 -3 2 -3 1 0 1 -1 -4 -1 
27 5 -2 -3 -3 -3 1 -1 -1 -1 -3 -1 -3 -3 -4 0 1 -1 -5 -4 0 
28 2 -3 -3 -2 -4 4 1 -2 0 -2 -2 -2 1 -1 0 1 -1 -4 -3 0 
29 4 -2 -1 -1 -3 3 0 0 -3 -4 -2 -2 -3 -4 -1 1 0 -4 -3 -2 
30 4 -2 -2 -2 -1 3 -1 -1 -3 -4 -3 -2 -3 -3 -2 3 0 -5 -4 -2 
31 3 -1 -1 -1 -4 3 1 -3 0 -4 -3 -2 -3 0 2 0 1 -4 -2 -1 
32 4 2 -3 -3 -3 0 -2 -3 -3 -3 -2 -1 -3 -4 2 0 2 -5 -4 1 
33 1 4 -1 -3 -4 2 -1 -4 3 0 -1 0 0 -2 -4 -2 0 -4 1 1 
34 3 2 1 -1 -4 2 -1 -3 3 -4 -4 -2 -4 -4 1 2 0 0 0 -3 
35 -4 -4 -5 -5 -4 -4 -5 -5 -2 2 -2 -5 -2 6 -3 -3 -4 2 6 1 
36 1 -1 1 5 -4 1 0 -3 3 -4 -4 -2 -4 -5 -4 2 -1 -5 -4 -3 
37 -3 -5 -5 -5 -3 -2 -5 -6 -5 7 2 -5 0 -2 -5 -4 -3 -5 -3 2 
38 3 -3 -3 -4 -4 0 -2 -2 -4 -5 -5 -3 -4 -5 7 0 -3 -5 -5 -4 
39 6 -3 -3 -4 -3 -1 -3 -2 -4 -4 -4 -2 -3 -5 2 1 -2 -5 -4 -3 
40 0 -3 -2 -3 -4 5 -1 5 -3 -5 -5 0 -4 -5 -4 -1 -2 -4 -4 -3 
41 -1 -4 -1 1 -4 -2 -1 -4 -4 -5 -5 -3 -4 -5 7 2 -1 -5 -5 -4 
42 -3 -4 -5 -5 -3 -4 -5 -5 -5 -1 6 -4 0 -2 -5 -4 -3 -4 -3 -1 
43 3 -2 0 3 -4 -2 2 1 -3 -3 -4 -3 -4 -5 2 1 0 -5 -4 -4 
44 2 1 0 0 -4 4 0 0 -3 -4 -4 0 -3 -5 -3 2 1 -5 -4 -3 
45 5 -1 -3 -4 -3 -1 -3 -2 -4 -3 -3 -3 -3 -4 -2 1 1 -5 -4 1 
46 -4 -4 -5 -6 -3 -3 -5 -6 -5 2 6 -3 0 -2 -5 -3 -3 -4 -3 0 
47 -1 -1 6 0 -4 0 -2 -2 -1 -3 -3 -2 -2 -5 -4 2 2 -5 -4 -2 
48 3 3 -3 -1 -4 6 0 -3 1 -4 -3 -1 -3 -5 -4 -1 -1 -5 -4 -3 
49 -3 -5 -5 -5 -4 -5 -5 -5 -4 2 2 -5 -2 7 -5 -3 -4 0 3 -2 
50 5 -4 -3 -4 -3 -2 -3 3 -4 -1 -4 -2 -3 -5 -3 1 -2 -5 -4 -3 
51 2 5 -2 0 -4 3 0 -2 0 -4 -4 -1 -2 -5 -4 1 0 -5 -4 -4 
52 1 1 -3 -1 -4 6 2 -4 1 -2 -3 0 -3 -5 -4 -2 -1 -5 -4 -1 
53 5 -3 -1 -3 -3 -3 -3 -1 -4 -4 -4 -3 -3 -4 -3 3 3 -5 -4 -3 
54 -1 -4 1 -2 -4 -1 -4 6 -2 -5 -4 -3 -4 -5 -4 0 -3 -5 -5 -5 
55 -1 -3 -5 -5 -3 0 -4 -5 -4 4 2 -4 1 -1 -3 -4 -1 4 -3 3 
56 0 0 -2 -2 -4 5 -1 -4 0 -1 1 -2 -1 -2 -2 1 2 -4 0 -1 
57 -3 -4 -5 -5 -3 -4 -5 -5 -5 4 4 -4 1 -1 -5 -4 -3 -4 -3 3 
58 2 -4 -3 -4 -3 -3 -3 0 -4 0 1 -3 0 1 -4 4 0 -4 -3 1 
59 -1 -4 -4 -5 -4 -4 -4 0 -3 -1 -1 -4 0 6 -5 -3 -3 -2 6 1 
60 1 -2 0 5 -4 -1 -1 -1 -3 -4 -4 -3 -4 -5 2 3 2 -5 -4 -4 
61 3 -4 -3 -1 -4 -2 -3 0 -4 -3 -3 -3 -4 -5 6 2 1 -5 -4 -3 
62 3 -1 -1 2 -4 1 3 -1 -2 -4 -4 -1 -4 -5 -1 2 -2 -5 -4 -3 
63 -1 -3 -4 -3 -4 1 -1 -4 -2 2 4 -2 0 -2 -4 -2 -1 -4 -2 1 
64 2 -3 -3 -4 -3 -3 -4 -3 -4 -1 -1 -3 -2 -2 1 -1 5 -5 -4 3 
65 3 3 -1 0 -4 3 0 -1 -3 -4 -4 -2 -3 -3 -2 0 -2 -4 0 -2 
66 0 -1 0 -2 -4 0 -3 6 -4 -5 -5 -3 -4 -5 -4 -2 -3 -5 -5 -5 
67 -3 3 -3 -4 -5 1 -1 -5 1 -1 2 5 -2 -4 -4 -2 -3 -5 -1 0 
68 -1 4 0 -2 -4 4 -1 -3 2 -4 -4 0 -2 -5 -4 1 3 -5 -2 -3 
69 3 -3 -2 -3 -3 -3 -3 0 -4 -4 -4 -3 -2 -5 -3 5 1 -5 -4 -2 
70 1 1 1 -2 -4 0 -2 -1 0 -5 -4 -2 -4 -5 6 -1 1 -5 -4 -3 
71 4 -2 -3 -4 -4 -3 -4 5 -3 -5 -5 -3 -4 -5 3 -1 -3 -5 -5 -4 
72 -1 -3 -5 -5 -3 -4 -5 -5 -5 1 4 -4 -1 -2 -5 -3 -3 -4 -3 4 
73 -1 2 2 0 -4 5 0 -3 4 -4 -4 -1 -3 -5 -4 2 0 -5 -3 -4 
74 -1 -4 -3 -3 -5 -4 -3 7 -4 -6 -6 -4 -5 -5 -4 -2 -4 -5 -5 -5 
75 0 3 3 1 -4 3 2 -2 0 -4 -4 -1 -2 -5 -2 1 1 -5 -4 -3 
76 -2 -4 -4 -5 -4 -3 -4 -4 -1 -2 2 -4 4 4 -5 -4 -3 -1 7 -2 
77 0 -3 -2 2 -4 -1 1 -1 -3 -4 -4 -3 -4 -5 1 4 4 -5 -4 -4 
78 2 -2 -4 -4 -3 -4 -4 -2 -2 1 -1 -3 -2 -4 5 -1 -1 -5 -4 4 
79 1 1 -1 2 -5 1 4 -2 0 -4 -2 -1 -4 -3 0 0 -1 -5 -4 -2 
80 0 0 0 0 0 0 0 0 0 0 0 0 0 0 0 1 0 0 0 0 
81 0 0 0 0 0 0 0 1 0 0 0 0 0 0 0 0 0 0 0 0 
82 0 0 0 0 0 0 0 0 0 0 1 0 0 0 0 0 0 0 0 0 
83 0 0 0 0 0 1 0 0 0 0 0 0 0 0 0 0 0 0 0 0 
84 0 0 0 0 0 1 0 0 0 0 0 0 0 0 0 0 0 0 0 0 
85 0 0 0 0 0 0 0 0 0 0 1 0 0 0 0 0 0 0 0 0 
86 0 0 0 0 0 0 0 0 0 0 1 0 0 0 0 0 0 0 0 0 
87 0 0 0 1 0 0 0 0 0 0 0 0 0 0 0 0 0 0 0 0 
88 0 0 0 0 0 0 0 1 0 0 0 0 0 0 0 0 0 0 0 0 
89 0 0 0 0 0 0 0 0 0 0 0 0 0 0 0 1 0 0 0 0 
90 0 0 0 0 0 0 0 1 0 0 0 0 0 0 0 0 0 0 0 0 
91 0 0 0 0 0 0 0 0 0 0 1 0 0 0 0 0 0 0 0 0 
92 0 0 0 0 0 1 0 0 0 0 0 0 0 0 0 0 0 0 0 0 
93 5 -4 -4 -5 -3 -4 -3 -3 -4 -2 0 -4 -3 1 -3 -2 -2 3 3 1 
94 -2 4 -3 -4 -4 2 0 -4 -1 -1 1 0 -2 0 -3 0 1 -4 -3 1 
95 3 2 -3 -3 -4 1 0 -3 -3 -4 -2 -1 -1 2 1 1 -1 -4 -1 -1 
96 0 -2 0 -1 -2 3 -1 -3 -4 0 1 -3 -2 -3 -4 1 3 -5 -4 0 
97 2 -2 0 3 -4 0 -1 4 -1 -5 -5 -3 -4 -5 1 2 -2 -5 -5 -3 
98 2 -3 2 2 -4 -2 1 2 -3 -4 -4 -3 -2 -4 2 1 -1 -6 -5 -3 
99 -1 1 3 0 -5 -2 -2 4 -2 -4 -3 -2 2 -3 -2 0 1 -5 -4 -1 
100 2 0 -1 -4 -4 -3 -3 0 -4 -3 -3 -3 -2 -5 -4 3 5 -5 -3 -2 
101 1 -4 -4 -5 -4 -1 -4 -2 -4 0 0 -4 -1 3 -3 -3 0 3 4 3 
102 1 -1 -2 -3 -4 0 -3 -2 -4 -2 -4 -3 -3 -3 -1 2 5 -5 -2 2 
103 2 -4 -5 -3 -4 -3 -2 -2 -1 2 4 -4 -1 -1 0 -2 -3 -5 -3 1 
104 2 0 -2 0 -5 3 3 -1 0 -2 -2 -1 -2 -4 0 -1 -1 -5 -4 1 
105 3 1 -3 0 -4 1 1 -3 -2 -5 -5 -1 -4 -5 5 -1 0 -5 -5 -4 
106 4 -1 -1 -3 -4 1 -2 -1 -4 -2 -2 -3 -2 -5 -1 2 1 -5 -4 -1 
107 2 -2 1 2 -4 0 0 1 -2 -4 -4 -3 -2 -4 4 2 1 -4 -5 -1 
108 4 -2 -2 0 -4 1 1 0 -4 -2 -4 -2 -4 -3 -3 0 2 0 -4 0 
109 2 -3 -1 0 -4 1 -1 2 -1 -2 -2 -2 -1 -5 2 1 1 -5 -4 0 
110 2 -2 0 0 -4 3 1 -1 -1 -4 -4 1 -4 -5 3 0 1 -5 -4 -3 
111 0 -4 -2 -1 -4 -2 3 -1 -3 -1 3 -3 -1 -4 -2 -1 0 -5 -4 2 
112 -2 -1 0 4 -4 3 3 0 -3 -4 -5 0 -4 -6 3 0 -1 -6 -5 -2 
113 1 0 -3 -3 -4 -3 -1 4 -4 -4 -5 -2 -4 -5 0 1 4 -5 -5 -2 
114 -4 -5 -5 -6 -4 -5 -5 -6 -3 4 1 -5 3 0 -5 -3 0 -1 6 2 
115 -2 0 -1 -2 -4 2 -3 -4 -2 0 -2 -1 -1 -4 -4 0 4 -5 -3 4 
116 4 -5 -5 -5 -3 -4 -4 -3 -5 0 -3 -4 -3 -4 1 -3 -3 -6 -4 5 
117 -2 1 -1 -2 -4 1 -1 -3 -1 -3 -1 3 -1 -3 -1 1 4 -5 -4 1 
118 2 4 -1 -3 -4 -1 -2 4 -1 -4 -5 -1 -4 -5 -4 0 0 -5 -4 -3 
119 0 -3 1 2 -4 0 -1 -2 -3 -5 -5 -1 -4 -5 -2 5 2 -5 -4 -4 
120 4 0 -2 -3 -4 -1 -4 -2 -4 -2 0 -3 0 -3 -2 1 1 7 -3 0 
121 0 -4 -3 -3 -4 -2 -4 -1 -4 0 2 -4 -3 -4 -3 3 5 -5 -4 -1 
122 4 -4 -2 -3 -4 -4 -2 5 -5 -3 -5 -4 -4 -5 -3 -2 -3 -5 -5 -2 
123 -1 -2 0 1 -4 -3 -1 -4 -4 -3 -2 -3 0 -5 -2 0 6 -5 -4 -3 
124 1 2 -3 -3 -5 -2 -2 -2 -3 -5 -3 6 -4 -6 1 1 -3 -6 -5 -5 
125 -2 -1 -1 -2 -4 0 -1 -3 -4 -2 -2 -2 -3 -4 -4 1 6 -5 -4 -2 
126 0 -3 0 6 -5 1 2 -2 -3 -4 -4 -2 -5 -6 -1 0 -1 -6 -5 -2 
127 1 -1 0 -2 -4 -1 1 -3 -4 -2 -1 -3 0 -5 -3 0 6 -5 -4 0 
128 1 -2 -1 1 -5 -1 0 -4 -4 -5 -5 -1 -5 -6 7 1 -3 -6 -5 -3 
129 -3 -5 -4 -3 -4 -4 -1 -6 -5 4 4 -4 0 -2 0 -4 -3 -5 -4 3 
130 -2 0 -2 -3 -4 1 1 -5 0 3 3 1 1 1 -5 -2 -3 -5 -3 1 
131 -3 -1 0 3 -6 -1 6 -5 -1 -5 -4 1 -5 -6 -4 -2 1 -6 -5 -5 
132 -3 -4 -2 -4 -4 -3 -4 -5 4 2 -3 -4 -3 -2 -4 -2 5 -4 2 2 
133 1 -5 -5 -4 -5 -4 -4 -3 -5 -5 -5 -4 -5 -6 8 -2 -2 -6 -6 -4 
134 0 1 -3 -3 -5 7 -1 3 -3 -6 -5 -2 -1 -6 -4 -3 -4 -5 -4 -5 
135 4 -4 -1 -3 -3 -3 -3 -1 -4 -4 -5 -3 -4 -5 -4 5 2 -5 -4 -2 
136 -3 3 -5 -6 -4 -4 -5 -6 -5 5 -1 -3 -2 -4 -5 -4 -3 -6 -4 5 
137 -1 -3 3 0 -4 0 -3 -3 -3 -5 -5 -3 -4 -5 -4 5 3 -6 -3 -4 
138 -3 -5 -5 -6 -4 -5 -5 -6 -6 2 -2 -5 -2 -4 -5 -3 0 -6 -4 7 
139 -2 -5 -6 -6 -4 -5 -5 -6 -6 5 -1 -5 -1 -3 -5 -4 -2 -6 -4 6 
140 -2 0 0 1 -4 -3 -1 -1 -4 -4 -5 -2 -4 -5 2 1 6 -6 -5 -4 
141 2 6 -1 -2 -5 1 0 0 -1 -5 -5 1 -4 -6 -3 -1 -3 -5 -5 -5 
142 -2 0 -1 4 -6 5 4 -4 -3 -6 -5 1 -4 -6 -3 -2 -3 -6 -5 -4 
143 -1 1 -2 1 -5 6 3 -5 -3 -4 -3 -2 -3 -4 -4 -3 -2 -5 -4 1 
144 -4 -5 -6 -6 -4 -4 -5 -6 -5 4 3 -5 7 1 -6 -4 -4 -3 -3 0 
145 0 3 -1 4 -6 2 4 -4 -1 -5 -4 0 -4 -6 -4 -2 -1 -6 -5 -3 
146 2 0 -1 5 -5 2 2 -3 -1 -4 -2 0 2 -5 -4 -2 -1 -6 -5 -4 
147 -1 4 -2 -3 -5 6 -2 -2 0 -2 -3 -1 -3 -3 -4 -1 2 -5 -3 -4 
148 2 0 1 -1 -5 1 -3 5 0 -6 -5 0 -5 -6 -4 -1 -2 -5 -5 -4 
149 5 -4 -1 -4 -4 -4 -4 -3 -3 -2 -3 -4 -3 -4 3 0 -1 -6 -4 3 
150 -1 3 0 -1 -5 5 -1 -3 0 -3 -2 0 0 -5 -4 0 3 -5 -4 -3 
151 -3 -1 4 1 -4 -2 -3 -2 -3 -5 -5 -2 -4 -5 -4 4 4 -6 -5 -4 
152 -2 -5 -6 -6 -4 -5 -5 -5 -6 3 4 -5 1 -2 -5 -5 -3 -5 -4 4 
153 0 2 3 4 -5 1 0 -1 -3 -3 -4 1 -3 -6 -4 2 0 -6 -5 -4 
154 -2 -2 -1 5 -6 4 5 -3 -3 -6 -6 -2 -5 -6 -4 -1 -2 -6 -5 -5 
155 6 -4 -3 -4 -3 -4 -4 -3 -4 -2 -4 -4 -2 -5 -4 0 0 -5 -4 1 
156 -3 -5 -6 -6 -4 -5 -6 -6 -6 0 6 -5 2 0 -6 -5 -3 -4 -4 1 
157 0 6 2 -1 -5 2 -2 0 -3 -5 -5 0 -3 -5 -5 -1 -2 -3 1 -5 
158 -3 2 2 -4 -5 0 -4 -3 -1 -4 -3 -3 -4 1 -4 -1 -3 0 8 -4 
159 0 -4 -3 -5 -4 -4 -4 -5 -5 2 -3 -4 1 -4 -4 1 4 -5 -4 4 
160 2 -4 -4 -4 -5 -4 -4 -2 -5 -5 -5 -4 -5 -6 7 2 -3 -6 -5 -4 
161 -2 -5 -1 -4 -5 -4 -5 7 -5 -7 -6 -4 -5 -6 -5 -2 -4 -5 -6 -6 
162 -1 -5 -6 -6 -4 -5 -5 -6 -6 4 0 -5 0 0 -5 -4 -3 -5 -4 6 
163 -1 0 1 -3 -4 3 -2 -2 -1 -2 -1 1 0 2 -3 1 1 -3 1 1 
164 2 -1 -3 -4 -3 -3 -3 -2 -2 1 -2 -3 -3 -4 -2 2 4 -5 -4 3 
165 -1 -2 1 -1 -4 5 2 1 -2 -4 -2 -1 -3 0 1 0 -1 -3 0 -3 
166 -1 -2 1 3 -4 1 1 1 -3 -2 -3 -2 -1 0 2 0 1 -4 0 -2 
167 0 1 5 -2 -4 -2 2 -1 -1 -2 -3 -1 -3 0 -3 1 -2 0 2 -3 
168 -2 0 2 0 -4 -2 -2 4 -3 -4 -2 -3 -4 0 -2 0 3 -4 -3 -3 
169 1 -1 1 -3 -4 1 -3 4 -3 -3 0 -3 -3 1 -3 0 -1 -4 -3 -2 
170 0 2 1 2 -4 -2 -2 2 -3 -3 -4 -3 -4 -1 -3 1 3 -4 -1 -3 
171 -1 -4 1 -2 -4 -1 -3 5 -1 -5 -5 -3 -3 -3 1 1 1 -4 1 -4 
172 1 4 0 1 -4 -2 -2 1 -2 -3 -3 -2 -2 -2 -2 1 2 -4 -2 -3 
173 -2 -2 0 2 -3 3 -2 -1 2 -3 -2 -2 -1 1 -3 2 -1 4 3 0 
174 -1 -2 0 6 -4 -2 -1 -2 -1 -3 -3 -2 -3 -2 -2 0 1 -3 2 -3 
175 1 2 -3 -3 -3 -2 -3 -2 -3 2 1 -2 2 -1 -3 -2 2 2 1 1 
176 2 -1 -2 -2 -3 0 -2 -2 -2 0 2 -2 1 2 -3 1 -2 -1 2 1 
177 -2 -3 -1 4 -3 -2 0 -3 -3 0 2 -2 3 -2 2 -1 -2 -3 -3 -1 
178 -1 -1 4 -1 -3 3 1 -2 -2 -3 -2 1 -2 -2 -2 1 -1 5 0 -2 
179 -2 -3 -3 -3 -3 -3 -3 -3 -3 4 1 -3 -1 4 -1 -3 -2 -2 1 3 
180 0 0 1 -3 -3 -1 -2 2 -2 -1 -2 0 0 1 -3 3 1 -3 2 -1 
181 -2 -3 -4 -4 -3 -4 -4 -3 -4 5 1 -3 2 -2 -4 -2 -2 -4 -3 4 
182 -4 8 -3 -4 -6 -2 -3 -5 -3 -6 -5 0 -4 -5 -5 -3 -4 -5 -4 -5 
183 -2 -5 -3 -4 -5 -4 -5 7 -5 -6 -6 -4 -5 -6 -5 -3 -4 -5 -6 -6 
184 -5 -5 -6 -6 -5 -5 -6 -6 -4 -2 2 -5 -2 8 -6 -5 -4 -2 0 -3 
185 -1 -3 2 2 -4 0 -1 3 1 -3 -4 -2 -4 -4 -3 1 3 -4 0 -3 
186 2 -3 0 2 -3 -2 0 1 -3 -2 -3 -3 -3 -3 4 1 1 -4 -4 -1 
187 0 3 3 0 -3 -1 -2 1 -1 -3 -1 -2 -3 -1 -2 1 1 -1 -1 -2 
188 -1 4 -1 0 -3 1 -1 0 -2 -3 1 -1 -1 -3 -2 2 1 -3 0 -2 
189 1 -1 0 -1 -2 0 -1 -1 -2 -1 0 -2 -2 -1 0 3 1 -2 -1 1 
190 -1 1 1 1 -2 -1 0 3 -2 -1 -2 -1 -2 -2 2 1 0 -2 -2 -1 
191 -1 3 3 3 -3 1 -1 0 0 -1 -2 -1 -2 -2 -2 -1 -1 -2 2 -2 
192 1 -2 1 -2 -2 -1 -2 2 -2 0 -1 -2 -2 -2 -2 2 2 -3 -1 1 
193 -2 1 1 0 -3 2 0 -1 -2 -2 -2 -2 -2 -2 1 2 3 -2 0 -2 
194 -2 -2 -1 -3 -3 2 -3 -4 -3 4 1 -2 2 2 -3 -3 -2 -3 0 3 
195 -4 -5 -5 -6 -5 -5 -5 -6 -2 -2 3 -5 3 5 -6 -5 -4 -2 7 -3 
196 -4 4 -5 -5 -4 0 -3 -6 -1 -1 4 -3 4 -3 -5 -3 -1 -1 1 2 
197 -4 -4 3 8 -6 -3 -1 -4 -3 -6 -6 -3 -6 -6 -4 -3 -4 -7 -6 -6 
198 -2 -4 -3 -4 -5 -4 -5 7 -5 -7 -7 -4 -5 -6 -5 -2 -4 -5 -6 -6 
199 -3 -5 -6 -6 -4 -5 -5 -6 -5 3 5 -5 4 0 -5 -4 -3 -3 -1 2 
200 -2 4 -3 -4 -5 1 -3 -4 -1 -3 -2 2 -3 -5 6 -2 -3 -5 -3 -2 
201 1 -3 -3 -3 -3 0 -4 -4 -4 1 4 -3 4 -1 -4 -1 -2 -2 -2 2 
202 1 -3 -2 -3 -3 2 -3 -3 -3 0 -1 -3 2 -1 4 -1 2 -3 -1 0 
203 0 0 -1 -3 -3 2 -2 1 -2 -1 1 -2 2 2 -2 1 -2 -3 3 0 
204 3 -3 2 2 -3 -2 -2 3 -3 -1 0 -2 -2 -2 -2 0 -1 -3 -2 -2 
205 -1 2 2 -2 -4 -2 -2 1 -2 -2 -3 -2 -2 -1 5 0 0 -2 -2 -1 
206 -2 1 1 1 -4 -3 -3 1 -2 -3 -3 -3 -2 2 -4 -1 -1 1 7 -3 
207 0 -4 2 -2 -4 -3 -3 5 -3 -3 -1 -3 -2 0 -4 2 0 4 -3 -2 
208 -1 -2 3 -1 -4 5 -1 -1 3 -4 -3 -2 -2 1 -3 -1 2 -3 2 -3 
209 1 -2 1 -3 -3 -3 -2 1 -3 -1 -1 -3 -2 -1 4 0 2 -1 -2 -1 
210 0 -1 2 -2 -3 4 -2 2 -2 -2 -3 0 -3 -2 -3 2 0 -1 -2 -1 
211 1 -2 -3 -2 -3 1 -2 -2 -3 -1 3 -2 2 0 0 -2 2 0 -1 -1 
212 1 -1 0 -2 -2 3 -1 0 -2 -2 -2 -1 -2 -2 0 4 0 -1 -1 -1 
213 -1 -1 0 -2 -2 -2 -2 -2 -2 2 2 -2 3 1 -2 0 0 2 0 0 
214 2 -2 -1 1 -2 -1 -2 -1 -2 -2 -1 -2 -1 4 1 -1 -1 5 1 -1 
215 -1 3 1 -1 -3 1 -1 -2 -2 -2 -2 0 -2 -1 5 -1 -2 -3 -2 -1 
216 -1 -2 -2 -3 -3 -2 -3 -3 -3 4 0 -3 -1 -1 -1 -3 1 -3 -1 4 
217 -2 -3 -1 6 -4 -2 3 -2 -3 -4 -4 -2 -4 -3 -3 1 1 -4 -4 -4 
218 -1 -3 -3 -3 -3 -3 -3 -4 -4 -1 2 -3 0 -2 6 -1 1 -4 -3 -1 
219 -1 -3 1 -3 -4 -2 -3 1 -1 -3 -3 -3 -3 2 -2 0 -3 6 6 -3 
220 0 -2 4 -2 -4 0 -3 2 -3 -3 0 -3 4 2 -4 1 1 -4 -3 -3 
221 -2 -4 -5 -5 -3 -4 -4 -5 -5 4 5 -4 3 -1 -4 -4 -2 -4 -3 1 
222 -3 -3 -2 4 -6 2 6 -4 -3 -6 -6 -2 -5 -6 -4 -3 -4 -6 -5 -5 
223 0 7 -2 -3 -4 1 -3 -4 -1 -5 -5 -1 -4 -5 -4 2 -2 -5 -4 -4 
224 -1 -5 -6 -6 -4 -5 -6 -6 -6 6 0 -5 0 -3 -5 -5 -3 -5 -4 5 
225 -1 -3 -2 5 -6 -1 6 -4 -3 -6 -6 -2 -5 -6 -4 -2 -2 -6 -5 -5 
226 -3 -5 -6 -6 -4 -5 -5 -6 -6 3 0 -5 -1 -2 -5 -5 -3 -5 -3 7 
227 -2 -5 -6 -6 -4 -5 -6 -6 -6 2 5 -5 1 1 -5 -5 -3 -5 -3 4 
228 -4 7 -3 -4 -6 -1 -2 -5 0 -6 -5 5 -4 -6 -4 -3 -4 -6 -4 -5 
229 -2 -5 -3 -4 -5 -5 -5 7 -5 -7 -7 -4 -6 -6 -5 -3 -4 -5 -6 -6 
230 0 -5 -4 -4 -5 -4 -4 2 -5 -6 -6 -4 -5 -6 8 -3 -4 -6 -6 -5 
231 5 -4 -3 -4 -4 -4 -4 1 -4 -4 -4 -3 -4 0 -4 3 2 -5 -3 -1 
232 2 -4 -2 -3 -3 -3 -3 -3 -4 -5 -5 -3 -4 -5 -4 6 -1 -6 -4 -4 
233 1 -5 -5 -5 -4 -5 -5 -4 -5 1 0 -5 2 -4 -5 -1 0 -5 -4 6 
234 -4 2 -4 -6 -4 1 -4 -6 0 -1 5 -4 1 -3 -5 -4 -3 -5 -4 -1 
235 -5 -5 -5 -6 -5 -4 -5 -6 -1 -4 -4 -5 -4 3 -6 -4 -4 0 9 -4 
236 -2 -5 -3 -4 -5 -5 -5 7 -5 -7 -7 -4 -6 -6 -5 -3 -4 -5 -6 -6 
237 0 2 -2 -3 -5 5 -2 -2 -3 0 -2 0 0 -5 4 -1 -3 -1 -4 -4 
238 -1 -4 4 -3 -5 3 -3 3 -3 -2 -2 -3 3 -5 -4 2 0 -5 -5 -1 
239 -1 -4 5 3 -5 -1 1 -1 -2 -3 -5 -3 -5 -6 2 3 -2 -6 -4 -3 
240 -2 -5 -5 -4 -5 -4 -4 -4 -5 -3 -3 -4 -4 -5 7 0 -3 -6 -5 3 
241 -2 -5 -3 -4 -5 -5 -5 7 -5 -7 -7 -4 -5 -6 -5 -2 -4 -5 -6 -6 
242 -1 -5 -3 -4 -5 -4 -5 7 -5 -6 -6 -4 -5 -6 -5 -3 -4 -5 -6 -6 
243 -4 -5 -6 -6 -4 -4 -5 -6 -6 4 3 -5 4 -2 -5 -5 -1 -5 -4 4 
244 -3 -5 -6 -6 -4 -5 -6 -6 -6 5 0 -5 -1 -1 -5 -5 -3 -5 -4 5 
245 0 -3 8 2 -5 -3 -3 -3 -2 -6 -6 -3 -1 -6 -5 0 -3 -6 -5 -5 
246 -1 -1 -4 -6 -4 -1 -3 -6 -5 1 3 -2 5 4 -5 -4 -2 -4 -1 3 
247 -2 -4 -2 -4 -4 -1 -4 -5 -1 4 -2 -3 -2 -4 -5 -3 2 -4 -4 6 
248 0 -3 -2 -3 -4 -3 -3 -3 -4 -4 -5 -3 -4 -5 -3 5 5 -5 -4 -4 
249 -3 4 -3 -3 -5 0 -1 -4 -3 -5 -4 7 -4 -6 -3 -3 -3 -6 -5 -5 
250 0 5 -3 -3 -5 1 -2 -4 -2 -4 0 2 -2 -5 2 -1 1 -5 -4 -3 
251 -1 -5 -5 -5 -5 -4 -4 -1 -5 3 -4 -4 -4 -5 8 -4 -4 -6 -5 -3 
252 -2 -1 -2 -1 -4 4 -1 -3 -3 -3 -1 -2 -2 -5 4 0 4 -5 -4 -3 
253 2 -1 -2 1 -4 2 1 0 -1 -4 -1 0 -2 1 -3 -1 1 -3 -1 -3 
254 -1 -1 -1 2 -5 2 5 -3 -3 -4 -4 1 -4 -5 0 -1 2 -5 -3 -1 
255 1 2 -2 -2 -4 1 -2 -3 -4 -4 -4 -2 -3 2 5 0 0 4 -3 -3 
256 0 0 -3 -3 -3 1 -2 -1 1 2 1 -2 -2 2 -3 2 1 -3 2 0 
257 -1 3 2 -2 -4 -1 -3 1 6 0 -2 -1 -2 -2 -3 -2 2 -4 0 -1 
258 0 -1 -2 0 -4 0 6 -2 -1 -4 -3 0 -4 -4 -3 0 1 -4 -2 -4 
259 2 -3 -3 -4 -3 -3 -4 -2 -4 3 2 -3 -1 0 -4 -2 -1 -4 -3 4 
260 -1 0 0 -1 -3 3 1 3 -1 -4 -4 -1 0 -2 -3 2 0 -4 -3 -2 
261 0 -3 -3 -3 -3 0 -2 -3 -1 1 2 -3 1 2 -3 0 -1 -3 -2 3 
262 -1 1 0 -1 -3 5 2 -1 -1 -3 -2 1 -2 -3 -2 1 0 -3 -2 -3 
263 -1 -2 0 -2 -2 -2 0 3 -2 1 0 -2 1 -2 -2 -1 2 -2 -2 0 
264 -1 1 0 0 -1 2 1 -1 2 -1 -1 0 -1 -1 -1 0 -1 0 2 -1 
265 0 -1 -1 -1 -1 -1 -1 -1 -1 2 0 -1 0 1 -1 -1 0 0 2 1 
266 0 1 0 -1 -1 0 0 0 -1 -1 -1 0 -1 0 -1 2 1 -1 -1 0 
267 0 -1 -1 -2 -2 0 -1 0 -2 -1 1 -1 -1 1 1 1 1 -2 -1 0 
268 1 -1 -2 -1 -2 0 -1 0 0 -2 -2 -2 -1 2 -2 1 2 2 4 -1 
269 2 -2 0 -2 -3 -2 -1 3 -2 -3 -2 -2 -3 0 -2 1 1 -2 3 -1 
270 -2 -4 -2 -1 -5 -4 -2 6 2 -6 -6 -3 -5 -4 -4 2 -1 -5 -4 -5 
271 -2 -3 4 -1 -4 1 -3 2 0 -5 -5 -2 -4 -3 -4 3 2 4 -2 -4 
272 -3 2 3 2 -5 0 -2 1 3 -5 -4 0 -3 3 -4 -2 -3 -1 3 -4 
273 0 -1 6 3 -5 0 -2 2 1 -5 -5 -2 -2 -5 -4 -1 -1 -5 0 -4 
274 -2 4 -2 -3 -5 0 -3 2 2 -2 2 -1 -1 0 0 -2 -1 1 1 -2 
275 -1 3 -1 -4 -5 0 -3 0 -3 -2 0 4 1 1 -4 -1 -3 1 1 -1 
276 -3 1 0 -1 -5 5 2 1 0 -5 -5 0 -4 -5 -4 0 1 -5 -1 -4 
277 3 -4 -1 0 -4 -2 -3 2 -4 1 0 -4 -2 -1 -4 -1 3 -5 -4 0 
278 2 -3 -1 -3 -4 1 -1 2 0 -3 -2 -3 2 0 -1 1 2 -2 1 -3 
279 -1 -5 1 0 -4 -4 -4 0 -3 0 0 -4 -1 6 -5 -2 -1 -3 2 -1 
280 1 -4 -2 7 -5 -3 -2 -3 -4 -1 0 -4 -4 -2 -4 -3 -2 -6 -2 -3 
281 -3 0 -2 -5 -4 -4 -4 -3 -3 0 1 -4 2 5 -5 2 1 -4 0 2 
282 0 -4 -3 -3 -4 -2 -4 4 -3 -1 -3 -4 -3 -5 -4 2 4 -5 -5 0 
283 -3 -3 -2 3 -5 -4 -4 7 -5 -6 -6 -3 -4 -5 -1 -3 -4 -6 -6 -6 
284 2 -2 -3 -4 -5 0 -4 3 -3 -4 -2 0 -4 -6 5 -2 -2 -6 -5 -2 
285 -2 -3 -3 -2 -4 -3 -5 -5 -5 4 3 -4 -1 0 -2 -2 3 1 -1 1 
286 1 -4 2 5 -5 0 0 2 0 -5 -2 -2 -3 -5 -3 -1 -3 -6 -5 -1 
287 0 -3 2 6 -6 -1 2 -1 -4 -6 -6 -1 -5 -6 -3 -1 -1 -6 -5 -5 
288 -2 -3 3 4 -5 1 1 3 -3 -6 -6 -1 -5 -6 -4 2 -1 -6 -5 -5 
289 -2 2 0 2 -5 -1 -2 5 0 -5 -5 1 -4 -5 -3 -1 0 -5 -5 -4 
290 -4 -5 -6 -6 -4 -5 -6 -6 -4 0 3 -5 0 5 -6 -5 -4 6 3 2 
291 3 -2 -1 -1 -4 -3 -4 2 -4 -3 3 -4 -2 -2 -4 2 -1 -5 -4 -3 
292 -2 -5 -5 -6 -5 -4 -5 -1 -2 -3 0 -5 0 2 -6 -3 -3 2 9 -2 
293 1 7 -3 -4 -5 2 -3 -3 -3 -5 -5 -1 -4 -4 -5 -2 -1 -5 -4 -4 
294 -4 -5 -6 -6 -4 -5 -6 -6 -5 2 5 -5 2 3 -6 -5 -4 -4 -3 2 
295 -3 -4 1 -1 -4 -1 -1 -3 -4 2 1 -4 -2 -4 -5 1 4 -5 -4 3 
296 2 -5 -4 -5 -4 -4 -5 5 -4 -3 -3 -4 -2 -3 -5 -3 -1 -4 3 0 
297 -1 -4 2 1 -4 -1 -2 -5 -4 1 3 -2 1 -3 -5 1 0 -5 -4 2 
298 3 0 -4 -5 -4 -1 -4 4 2 -2 -2 -3 -2 -1 -5 -2 0 1 1 0 
299 -2 6 -3 -1 -5 1 1 -5 -2 -2 -2 0 -2 0 -5 -1 1 -2 -3 -1 
300 -3 1 2 5 -5 -1 1 -1 1 -5 -5 1 -3 -5 -4 0 1 -6 -2 -5 
301 1 -3 -1 -3 -4 1 1 4 -4 -4 -5 -1 -4 -5 -4 2 1 -5 -4 -4 
302 -4 -2 3 6 -6 0 1 1 3 -6 -6 -1 -5 -6 -3 0 -3 -6 -5 -6 
303 1 -4 0 1 -4 -2 -2 3 -3 -4 -3 -3 -4 -4 -4 2 4 -4 3 -3 
304 -3 -2 -2 -4 -5 6 -1 -2 -3 -4 -3 -3 -1 3 -2 -3 -4 8 3 -2 
305 -2 6 -3 -5 -5 0 -4 -5 -3 1 -3 -2 -1 1 -3 -2 0 -4 2 2 
306 -2 -3 3 6 -6 -1 3 0 -2 -5 -5 0 -5 -6 -4 -1 -2 -6 -5 -3 
307 -3 -2 1 0 -5 -1 -3 -1 7 -4 -4 -2 0 4 1 -2 -1 -3 3 -4 
308 0 -4 2 -2 -4 -1 -3 1 -3 1 -2 -3 0 -2 -4 3 1 -5 -1 2 
309 -1 1 1 3 -5 0 2 0 0 -5 -5 3 -3 -3 -1 -1 -1 -6 -5 -3 
310 -1 -2 3 4 -5 0 3 -4 2 -4 -4 -3 -4 -5 -4 0 3 -6 -1 -4 
311 -4 4 0 4 -6 3 3 -4 -1 -6 -4 2 -4 -6 -4 -2 -2 -6 -5 -5 
312 -4 7 -2 -3 -5 0 -1 -5 -1 2 -3 1 -2 -4 -5 -2 -3 -5 -4 0 
313 -2 -2 1 2 -5 1 -2 -4 -2 0 -1 -1 -2 1 -5 -1 1 -2 6 1 
314 2 -4 2 2 -4 -4 -4 -2 -3 -3 1 -4 1 3 -5 -2 -1 -4 3 1 
315 -2 -5 -6 -6 -4 -5 -6 -4 -5 5 3 -5 -1 2 -5 -5 -3 -5 -1 3 
316 6 -1 0 -4 -3 -1 -4 -3 -4 0 -2 -3 3 -5 -4 0 -2 -5 -4 -3 
317 -1 -5 -5 -5 -5 -4 -4 -3 -5 -2 1 -4 -4 -5 8 -3 -4 -6 -5 -2 
318 2 -1 -3 -1 -4 -1 -3 -3 -4 -5 -5 3 -4 -5 -4 5 -1 -6 -4 -2 
319 -1 -5 -5 -6 -4 -5 -5 -1 -5 1 4 -5 -1 4 -5 -2 0 -4 -2 2 
320 1 1 -3 0 -4 0 -2 -1 -1 -3 -1 0 0 -5 -4 0 5 -5 -4 -2 
321 -5 -5 -6 -7 -5 -5 -6 -5 -4 -2 -3 -6 -4 1 -6 -5 -5 12 4 -1 
322 0 5 1 -1 -5 4 -1 -4 -1 -4 -1 1 -3 -1 -4 -2 -2 -1 3 -4 
323 -2 -5 -5 -4 -4 -4 -4 -1 -5 3 0 -4 -2 0 7 -3 -3 -3 -4 -1 
324 -2 -1 4 5 -5 -3 -2 0 -3 -5 -6 -3 -5 -6 -4 3 2 -6 -5 -5 
325 2 -3 0 6 -5 -2 3 -2 -4 -4 -5 -2 -5 -6 0 -1 -2 -6 -5 -4 
326 1 1 2 5 -5 1 -1 -2 -3 -4 -5 0 -4 -5 -4 -1 1 -6 -3 -1 
327 -2 -3 1 0 -4 0 -3 -4 1 -4 -4 -2 -4 -3 -4 1 7 -5 -4 -3 
328 -2 2 0 -1 -4 0 2 -4 -3 -4 -2 1 -2 -3 -4 4 3 -5 -3 -2 
329 -4 -5 -6 -6 -4 -5 -6 -6 -5 2 5 -5 -1 4 -6 -5 -4 -1 -3 2 
330 -2 0 2 -1 -4 -1 -1 -4 -1 -2 -2 -1 -2 -5 -4 0 6 0 -2 -2 
331 1 -5 -5 -6 -4 -5 -5 -3 -5 0 4 -5 -1 4 -5 -2 -2 -4 -2 2 
332 -1 0 1 -3 -4 1 -1 -3 -3 -1 4 -2 2 0 -5 1 -1 -3 -1 -3 
333 3 -4 -4 -5 -4 -4 -4 1 -4 -2 1 -4 0 2 -4 0 1 -2 3 0 
334 -3 -2 2 0 -5 4 2 -4 3 -5 -3 -2 -1 -2 0 1 0 -4 3 -4 
335 -1 -1 -4 -5 -5 -4 -4 -5 4 -3 0 -4 -3 4 -5 -1 -4 0 7 -2 
336 -3 0 -2 0 -5 6 -2 -4 -2 -3 0 -2 2 -1 -5 -2 -1 -3 5 0 
337 -4 4 2 4 -6 1 2 -4 2 -6 -4 2 -4 -6 -4 -2 -2 -6 -3 -4 
338 0 -3 2 5 -5 -2 0 1 -4 -1 -4 -3 -2 -2 -2 -1 0 -5 1 -1 
339 -4 2 1 3 -5 -1 2 -4 2 -5 -2 2 -3 0 0 0 1 2 -1 -2 
340 3 -2 0 -4 -4 -2 -4 1 -1 -4 -2 -3 1 -3 -2 2 3 -5 -1 -1 
341 -1 -1 1 3 -5 0 0 3 -3 -3 -2 -2 -3 -5 4 -2 -3 -3 -3 -3 
342 1 -4 -3 1 -4 -3 -3 -1 -4 1 1 -3 5 3 -3 -1 -1 0 2 0 
343 0 -4 0 2 -5 -3 -3 -2 0 -3 -4 -4 -4 -3 5 1 0 -4 3 -3 
344 -1 3 0 -3 -5 -1 -3 5 -1 -3 -3 -3 -3 -2 -5 1 -3 -5 1 -3 
345 1 -4 0 -3 -5 -1 -4 5 -4 -3 -5 -4 -4 -2 -3 1 1 4 -3 -5 
346 -2 -3 1 -5 -4 -4 -5 -2 -3 0 4 -4 1 3 -5 -3 2 -2 0 -1 
347 0 -3 -1 -3 -4 -3 -3 -4 0 -2 -1 -2 -3 -2 5 2 3 -5 -1 -1 
348 1 1 1 -3 -5 0 -2 -1 -2 -1 -2 -1 -4 -4 5 -1 -1 -5 1 0 
349 3 -1 -3 1 -4 2 0 3 -1 -4 -1 -2 -4 -4 -3 0 -2 -3 -2 -3 
350 1 1 0 3 -5 3 1 1 -1 -5 -5 2 -3 -5 -1 0 -1 -5 -2 -2 
351 -2 -1 -3 -4 -4 -4 -5 -4 -2 5 1 -3 -1 1 -4 -3 0 3 5 1 
352 -1 0 1 3 -5 -1 0 -2 0 -3 -3 0 -4 -5 5 2 -1 -6 -5 -2 
353 2 3 0 1 -5 1 -1 0 1 -2 -2 0 -4 -3 -1 0 1 -5 0 -1 
354 -3 0 3 5 -5 -3 -1 -2 3 -5 -5 0 -5 -6 -1 2 1 -6 -4 -5 
355 -2 4 -2 -5 -5 -3 -3 -2 -4 -1 0 -1 -3 3 4 -3 1 -4 -2 -1 
356 -4 3 2 -2 -5 -1 -3 -4 -2 -4 -2 -1 -3 5 -2 -1 -1 2 5 -2 
357 -1 -1 0 0 -5 4 0 -2 -4 0 1 -2 0 1 -4 -2 0 -2 -1 1 
358 -1 -2 -1 -3 -4 -3 -3 5 -2 -4 -4 -3 -4 -3 -4 4 -1 -5 -4 -3 
359 -3 -3 -1 5 -5 0 3 -2 -2 -5 -3 -1 -1 -6 1 -2 2 -6 -5 -2 
360 -2 4 -2 -1 -6 -2 2 -2 -4 -5 -3 0 -3 -6 6 -1 -3 -6 -4 -4 
361 0 -3 3 3 -5 -3 -1 1 -1 -5 -4 -2 -5 -5 4 1 -1 -6 0 -5 
362 -4 0 1 -2 -5 -2 -4 -4 0 -2 0 -2 -2 5 -6 -4 -2 5 6 -1 
363 -4 -4 5 6 -6 -3 1 -2 -2 -6 -6 -3 -5 -6 -3 0 0 -7 -5 -5 
364 0 3 1 1 -5 1 0 -1 2 -2 -4 2 -4 0 -4 -1 0 0 2 -2 
365 -3 -4 -3 -2 -5 -1 -3 -4 -1 -1 -1 -1 2 6 -5 0 0 2 6 -3 
366 -2 1 1 4 -5 0 2 -4 1 -4 -4 2 -4 -5 -4 1 1 4 -3 -4 
367 -1 4 0 -4 -5 1 -3 4 -2 -2 -3 0 -3 -2 -4 -2 0 -5 -2 -2 
368 -3 4 0 3 -6 -1 4 -4 -1 -5 -5 2 -3 -6 -4 -2 1 0 -3 -5 
369 -3 3 0 -3 -5 6 0 -4 -3 -4 -4 -1 0 -2 -4 1 1 -5 -1 -2 
370 -1 -2 1 1 -5 2 -1 -3 0 -2 -2 2 -4 0 -4 -1 3 5 2 -3 
371 -1 2 -1 0 -4 2 -3 -3 -3 -1 1 -3 5 -3 -5 2 0 0 -2 -1 
372 2 -5 -5 -6 -4 -5 -5 -2 -3 2 2 -5 -1 2 -5 -4 -2 3 2 3 
373 -2 -2 -1 -2 -5 1 -4 6 -1 -6 -6 -3 -2 -5 -4 3 0 -1 -4 -5 
374 -1 -5 -5 -6 -5 -4 -5 -4 -2 -1 3 -5 -1 3 -6 -3 -4 1 8 -1 
375 0 1 1 -1 -5 3 2 1 0 -3 -2 2 -2 -4 -4 1 1 -5 -4 -2 
376 -1 -5 -6 -6 -5 -5 -5 -5 -3 0 1 -5 -2 6 -6 -5 -4 3 6 0 
377 -2 -1 1 3 -5 2 5 -4 -3 -3 -4 -1 -3 -6 -4 1 0 -3 -5 -4 
378 -4 2 0 -4 -6 1 -3 -5 10 -6 -5 -2 -4 0 -5 -4 -4 -4 3 -5 
379 -1 4 0 2 -5 4 2 -3 3 -4 -4 0 -2 -5 -4 -1 -1 -5 -1 -2 
380 -3 -4 -5 -5 -4 -4 -4 -5 -3 1 3 -5 0 6 0 -4 -4 -3 -1 0 
381 -1 -4 6 5 -5 -3 -2 0 -2 -5 -6 -3 -5 -6 -4 1 0 -6 -5 -4 
382 0 -3 2 6 -5 -2 2 -1 -3 -4 -6 -3 -5 -6 0 1 -2 -3 -5 -4 
383 -1 0 3 2 -4 1 -2 1 -2 -1 -3 -1 -1 -4 -4 0 3 -5 -4 1 
384 -2 -2 -2 0 -5 -2 -4 -4 1 -2 0 -4 -3 2 -5 -3 -2 10 -1 0 
385 -1 0 -1 0 -4 2 1 -3 -4 -3 -4 3 -3 -5 -4 2 4 -5 -4 -3 
386 0 -5 -6 -6 -4 -5 -5 -5 -5 0 3 -5 0 6 -6 -3 -3 -2 -1 2 
387 -3 6 1 -1 -5 0 1 -3 3 -5 -2 0 -4 -5 -4 1 0 -5 -2 -4 
388 -2 -3 -2 -2 -5 6 -2 -3 0 0 0 -3 -2 1 -5 0 -3 4 -3 1 
389 -2 0 6 -1 -5 -1 -3 0 -2 -4 -1 -1 2 -5 -5 0 1 -6 -5 -4 
390 2 -4 0 -5 -4 -4 -4 -1 -4 -2 3 -4 2 2 -5 -1 1 -1 3 0 
391 -2 6 -2 -4 -5 0 -3 -3 -1 -5 -4 -1 -4 3 -5 1 -2 -1 3 -5 
392 -1 -3 -4 -4 -5 -3 -5 -1 -1 -3 -3 -5 -3 3 -6 -3 -4 4 8 -2 
393 1 -1 2 -3 -4 -1 -3 1 3 -3 -1 -3 3 -2 -4 3 3 -5 -3 -2 
394 -4 3 1 3 -6 3 1 -4 6 -5 -5 1 -4 -4 -4 -2 -2 -3 -1 -4 
395 0 0 2 0 -4 0 0 -2 -4 -2 0 -2 0 -3 -4 3 1 -5 -2 1 
396 -3 -1 0 3 -5 -2 2 -4 1 -3 0 0 -3 1 -4 1 1 0 3 -3 
397 -2 5 0 -3 -5 -1 -2 -2 -3 -2 1 -1 0 -3 -5 -1 1 1 3 0 
398 -2 -3 2 4 -5 0 -2 0 -1 -4 -4 -3 -4 -2 -4 3 3 2 2 -4 
399 -1 -3 -1 3 -5 2 -3 3 -3 -4 -3 -3 0 2 -5 0 -1 0 4 -2 
400 -1 0 3 0 -5 1 -2 -2 3 -4 -4 -2 -4 2 -4 -1 1 2 6 -2 
401 0 0 -1 -3 -4 4 -3 -2 -3 0 2 -3 0 0 -4 1 2 0 1 0 
402 2 -4 -2 1 -2 0 1 0 -4 0 -1 -3 -2 -5 -3 2 2 -5 -4 2 
403 0 2 -2 -1 -5 2 -1 -4 -3 1 2 -3 0 1 -2 0 0 -2 3 -2 
404 2 0 4 1 -5 -1 -3 3 -1 -4 -4 -3 -3 -3 2 0 0 -6 -5 -1 
405 -1 6 2 -1 -5 0 -3 -2 -3 -4 -4 -1 1 -5 -2 0 2 -3 -1 -2 
406 1 2 2 1 -5 0 -3 3 1 -3 -5 -3 -1 0 -4 1 -1 -2 2 -3 
407 2 -3 -2 -4 -4 -4 -4 -2 -4 1 2 -2 0 0 0 -1 1 -4 3 1 
408 0 1 1 -1 -1 2 -3 -1 -3 -2 -2 -3 -2 -1 -4 2 4 -4 2 -1 
409 1 -1 0 0 -4 -2 -2 1 2 -2 2 -3 -3 -1 -4 1 1 -2 0 -2 
410 1 0 2 2 -4 -1 -2 -1 -3 -1 -3 -2 -2 -3 -4 3 2 -5 0 -1 
411 -2 2 1 3 -5 1 -1 -2 -2 -3 -3 -1 -2 -6 5 -1 -1 -4 -5 -4 
412 -1 5 -3 -1 -5 -1 4 -1 -3 -4 -3 -1 -2 -3 -1 0 -2 -5 -2 -3 
413 -2 0 3 3 -5 0 1 -4 3 -5 -3 0 -3 -3 -4 2 1 -5 -1 -3 
414 -2 0 -2 -3 -4 -4 -3 -4 -3 -1 2 -4 2 3 -5 1 -1 -2 5 -1 
415 -2 0 3 3 -5 1 -1 -1 4 -4 -5 1 -4 -5 -3 1 1 5 -2 -5 
416 1 2 -1 -4 -4 0 -2 0 -2 -2 -3 -3 -3 -3 -4 2 2 -3 2 3 
417 -4 1 -4 -5 -5 2 -4 -6 -2 -1 0 -4 -3 6 -6 -4 -3 4 5 -1 
418 3 -4 0 1 -4 0 -3 4 -4 -3 -4 -3 -4 -3 -4 1 2 -5 -3 0 
419 -2 -4 -3 -4 -4 -5 -5 -6 -5 5 1 -5 1 -2 -5 -1 1 -5 -4 4 
420 -3 -3 -1 7 -6 1 3 -4 -3 -5 -6 -2 -5 -6 -4 -2 -2 -6 -5 -5 
421 -1 -3 6 -2 -5 -2 -3 -3 -2 -5 -2 -3 -2 -4 4 -1 3 0 -5 -4 
422 -3 4 2 -1 -6 6 -1 -4 2 -4 -5 0 -1 -5 -4 -1 -1 -5 0 -4 
423 1 -5 -6 -6 -4 -5 -5 -5 -5 -1 5 -5 0 1 -5 -4 -3 4 2 2 
424 -1 -2 0 -1 -5 5 3 -4 -3 -2 -3 -1 -4 -5 -4 2 2 -5 -4 -2 
425 3 -1 -2 -4 -4 2 -3 4 2 -3 -2 -2 0 -1 -4 -1 -2 1 0 -3 
426 -3 4 2 3 -5 -1 0 -2 1 -2 -2 3 -4 -5 -4 0 -1 -5 -1 -3 
427 -3 -5 -5 -4 -5 -5 -5 -2 -2 0 1 -5 -1 7 -6 -4 -3 2 0 2 
428 2 1 0 3 -5 1 1 -1 -1 -4 -4 -1 0 -1 -4 0 1 0 -2 -3 
429 -1 -4 -3 -3 -4 -3 -3 -2 -3 0 1 -4 -1 -2 -4 -1 6 4 -4 -1 
430 1 -5 -2 -2 -5 -4 -2 7 -4 -5 -3 -3 -5 -2 -5 -2 -4 -3 -4 -5 
431 2 -1 -1 1 -5 -1 0 2 -3 -4 -5 -2 -2 -3 4 1 -1 -3 -3 -3 
432 -1 -5 -5 -5 -4 -4 -5 -5 -5 3 3 -5 2 1 -5 -1 1 1 -3 4 
433 0 2 2 1 -5 3 2 -2 0 -5 -5 0 -4 -5 -2 1 1 -1 -2 -3 
434 -4 -3 1 -4 -6 2 -3 -5 10 -5 -5 -3 -3 -1 -5 -3 -4 -5 -1 -4 
435 -3 -1 1 2 -5 1 2 -4 1 -4 -5 1 -4 -5 -4 -2 5 -5 -4 -3 
436 -1 -5 -6 -6 -4 -5 -5 -5 -5 1 4 -5 1 0 -5 -3 -1 2 -3 4 
437 -4 -5 -5 -5 -4 -1 -5 0 -5 1 5 -5 1 -3 -5 -1 1 -5 -4 0 
438 1 -5 -5 -5 -4 -5 -5 -2 -5 1 3 -5 1 4 -5 -2 1 -4 -1 3 
439 -2 -5 -1 -4 -5 -4 -5 7 -5 -7 -7 -4 -5 -6 -5 -3 -4 -5 -6 -6 
440 1 -5 -5 -6 -4 -5 -5 -3 -2 1 2 -5 1 3 -5 -4 -2 -2 4 3 
441 -4 4 -1 7 -6 0 1 -4 -3 -6 -6 -2 -5 -6 -4 -2 -4 -6 -5 -6 
442 -2 -4 -1 -4 -5 -4 -5 -4 3 -3 -2 -4 -3 3 -6 -3 -3 2 9 -3 
443 -3 0 0 -2 -5 4 2 -3 0 -1 1 0 2 -4 -4 -1 -1 -5 0 1 
444 -2 5 3 1 -5 1 -2 -4 3 -5 -5 1 -3 -4 -5 0 -1 1 3 -5 
445 -2 1 -1 -1 -5 2 4 -2 -2 -3 -1 -2 2 1 -4 1 0 -4 2 -2 
446 -1 4 2 4 -5 1 0 -3 0 -5 -3 1 -2 -5 -4 0 1 -6 -4 -4 
447 0 0 3 -3 -4 -2 -2 1 -3 2 -1 -2 0 -2 -4 1 3 -5 1 0 
448 -3 1 2 5 -5 -1 -1 -3 4 -5 -5 1 -4 -2 -4 1 1 -5 2 -5 
449 -2 2 0 2 -5 0 2 1 -2 -1 -3 -3 -4 1 -3 0 -1 1 3 -1 
450 -3 0 0 0 -5 1 -2 -3 -3 0 1 0 0 4 -3 0 0 -1 2 0 
451 0 1 3 2 -4 1 1 -1 -3 -1 -1 -3 -3 -2 -4 2 -2 0 2 0 
452 0 -1 2 -2 -4 0 -3 1 -2 1 -2 -3 -3 1 -3 -1 0 6 5 -1 
453 -2 2 0 -2 -3 -1 -3 -2 0 -2 0 -3 -2 4 -4 0 -2 1 5 -2 
454 1 -1 4 0 -3 -1 -2 3 -1 -3 -2 -3 -4 -4 -2 1 2 -5 -4 -2 
455 1 -3 -1 -3 -4 -2 -3 -1 -4 -2 -1 -3 -1 -3 6 1 1 -5 0 -2 
456 3 -3 1 -1 -4 -2 -3 -2 -3 0 -1 -3 -3 -1 0 -1 1 -5 -2 4 
457 0 -3 2 1 -4 -3 -3 0 -1 -4 -2 -3 -3 -1 3 1 1 -2 5 -1 
458 0 -3 1 -2 -4 -1 -3 4 -4 -5 -4 -3 -3 -3 3 2 2 -5 0 -3 
459 0 -3 0 -3 -4 1 -4 2 -4 2 2 -3 -1 -1 -3 -1 0 -2 1 1 
460 -1 -1 4 3 -5 0 0 -2 -3 -1 -2 -2 -2 -1 3 -1 0 -5 -2 -1 
461 1 -4 -1 -2 -4 -1 -2 -2 -4 2 2 -3 0 0 2 -1 1 -5 -1 2 
462 -1 0 0 0 -2 -2 -3 -2 -3 0 -1 -1 -2 1 4 0 -1 -3 4 -1 
463 -1 -1 3 2 -1 -2 -2 1 -1 -1 -4 -3 -2 -2 2 2 1 -2 -1 0 
464 0 -3 -1 -3 -4 -1 -1 2 -2 -2 -2 -3 -3 0 4 0 3 -4 1 -1 
465 1 -3 2 0 -4 -1 -2 0 -4 -2 -1 0 -2 -2 0 1 2 -5 0 2 
466 -2 -1 0 -3 -4 0 -3 1 -3 -3 -2 -2 -3 0 3 2 2 -4 3 -2 
467 3 1 0 0 -4 -1 -2 0 0 -3 -3 -2 -4 -2 3 0 2 -2 -2 -1 
468 0 -2 0 -3 -4 -2 -4 -3 -3 0 1 -2 -1 1 2 1 1 -4 3 2 
469 0 1 1 4 -4 -2 -1 -2 -1 -3 -3 -3 -2 0 1 -1 2 -3 3 -1 
470 -1 4 -1 -2 -4 2 -2 -2 -3 -1 -2 -2 -3 -3 -1 3 2 -4 1 -3 
471 -2 0 3 6 -5 0 -1 -3 1 -2 -4 -2 -4 -4 -3 1 -1 -2 -1 -3 
472 -2 -1 0 0 -5 4 1 -3 -1 -3 -3 -3 -2 0 -2 0 2 6 2 -3 
473 -3 4 1 2 -5 1 -1 -3 1 -3 -2 2 -2 -4 -4 0 2 -5 0 -2 
474 -2 0 3 1 -5 3 0 0 0 0 -1 -2 0 1 -4 0 0 -5 -3 -2 
475 -2 2 1 2 -5 -1 0 1 0 -4 -2 3 -4 -4 -4 0 2 -5 -1 -3 
476 -2 -1 -1 -1 -4 3 -3 -5 -3 0 2 -3 4 -1 -4 -2 3 -4 2 0 
477 -3 3 2 3 -5 2 3 -3 1 -4 -4 2 -4 -5 -4 0 0 3 0 -4 
478 3 -1 0 -3 -4 6 -2 -2 -3 -5 -4 -2 -1 -5 -4 0 1 -1 -4 -4 
479 -1 -2 0 -2 -4 -3 -4 -5 3 0 1 -2 1 1 -5 -2 4 1 1 1 
480 3 -5 -3 0 -4 -4 -4 6 -5 -6 -6 -4 -5 -6 -4 0 -3 -5 -5 -5 
481 0 -5 -5 -6 -4 -5 -5 -2 -5 2 3 -5 -2 2 0 -4 -2 3 1 3 
482 -5 -5 -4 -6 -5 -4 -5 -6 -1 -4 -4 -5 -4 3 -6 -4 -4 0 9 -4 
483 2 -5 -5 -6 -4 -5 -5 -4 -5 3 3 -5 1 2 -5 -3 -3 -5 -3 3 
484 -3 -2 -2 2 -6 8 -1 -4 -2 -5 -4 -1 -2 -6 -4 1 -3 -5 -4 -5 
485 -4 -4 2 8 -6 -2 0 -4 -4 -5 -6 -3 -6 -6 -4 -3 -1 -7 -6 -6 
486 0 1 -2 -3 -5 7 1 -4 -1 -5 -4 0 -2 -6 -4 0 0 -5 -4 -5 
487 -1 -5 -6 -6 -4 -5 -6 -6 -5 6 1 -5 5 -1 -5 -4 -3 3 -3 2 
488 0 3 -1 1 -5 1 2 -2 3 -5 -5 3 -3 -4 -4 0 0 -5 -1 -4 
489 -3 -5 -6 -6 -4 -5 -6 -6 -4 2 4 -5 -1 3 -6 -5 -3 8 2 0 
490 -3 -2 3 5 -6 -1 0 3 -1 -6 -5 -3 -5 -4 -2 -1 0 -6 -4 -5 
491 -2 5 4 -1 -6 2 -2 -1 2 -6 -5 3 -4 -6 -4 -2 -3 -6 -4 -5 
492 -5 -5 -6 -7 -5 -5 -6 -6 -5 -2 2 -6 -3 1 -6 -5 -5 12 -1 -2 
493 -3 2 -1 -4 -4 -3 -3 -5 2 3 0 0 -1 -3 -5 0 3 -5 -3 2 
494 -1 -5 -6 -6 -4 -5 -6 -5 -5 3 4 -5 0 3 -5 -5 -4 -2 -2 3 
495 -3 -4 -1 0 -4 -2 -3 -5 -5 0 2 -4 -1 -4 -4 0 6 -5 -4 1 
496 2 -5 -5 -5 -4 -4 -5 0 -5 -2 4 -4 -1 -1 4 -4 -3 -5 -4 0 
497 -2 -5 -2 -4 -5 -4 -5 7 -5 -6 -6 -4 -5 -6 -5 1 -3 -5 -6 -6 
498 0 -5 -4 -5 -4 -5 -5 5 -5 1 2 -5 1 -3 -5 -3 -3 -2 -5 2 
499 -4 8 -3 -4 -6 -2 -3 -5 -3 -6 -5 0 -4 -6 -5 -3 -4 -6 -4 -5 
500 -4 -2 -2 -4 -5 2 0 -5 5 -4 -3 -4 -2 4 -5 -4 -4 2 7 -4 
501 -4 -4 -2 7 -6 1 4 -4 -3 -4 -5 -3 -4 -6 -4 -3 -2 -6 -4 -4 
502 -3 3 -1 0 -5 0 -2 -5 3 -4 -4 -1 -1 0 -5 1 -1 9 1 -3 
503 2 -5 -1 -5 -4 -4 -4 -4 -3 2 -1 -4 -2 2 -5 0 -1 -2 3 4 
504 -3 2 2 4 -5 1 2 -3 1 -5 -4 1 -2 -5 -4 0 0 -2 -4 -2 
505 0 -2 -2 -2 -4 3 -2 -3 2 -1 -1 -3 3 -2 -4 2 3 -5 -2 0 
506 -2 2 -1 3 -5 0 1 -2 2 -3 -3 0 -1 -2 -4 1 2 -1 3 -2 
507 1 0 1 0 -4 2 -1 -4 -2 -1 -2 -2 -2 1 -4 0 3 1 2 -1 
508 -2 2 1 4 -5 -1 0 1 0 -2 -2 -1 -3 -2 -4 -1 2 -5 -1 -1 
509 -3 0 5 4 -5 -1 -2 -1 -3 -5 -5 1 -4 -3 -1 1 0 -5 -1 -3 
510 -1 4 1 -3 -5 -2 -3 2 0 -1 0 -1 -3 1 -3 -1 -1 -2 1 -2 
511 1 2 2 -1 -4 -3 -3 0 -4 0 2 -2 -2 0 -3 -1 0 -5 -1 0 
512 1 -2 2 -1 -4 0 -3 1 -2 -3 -3 1 -4 -4 3 1 3 -5 -3 -3 
513 0 -3 3 2 -5 -3 -2 5 -2 -5 -5 -2 -4 2 -4 0 -1 -1 -2 -4 
514 2 -3 -1 1 -4 0 -2 -2 -4 -2 -4 0 -2 -3 -2 2 4 -5 -1 0 
515 -1 1 3 0 -4 1 -1 -2 1 -2 -3 1 -4 -4 -3 3 1 -5 -2 -2 
516 0 0 -1 1 -4 1 0 0 -3 -2 -3 -2 -4 -1 -2 1 4 -3 1 -1 
517 -1 1 2 4 -5 1 2 -2 -1 -5 -4 2 -4 -5 -3 2 -1 2 -4 -4 
518 1 2 2 -1 -4 4 -3 -2 -2 1 -1 -1 -3 -5 -4 1 0 -5 -3 1 
519 -2 1 3 4 -5 0 -1 -3 1 -5 -5 0 -3 -5 -3 3 1 -6 -3 -5 
520 -1 -2 0 6 -5 0 -1 -1 0 -3 -5 -1 -4 -4 -3 0 -1 -3 3 -1 
521 -2 0 4 2 -5 1 0 -1 4 -4 -5 0 -4 -5 -4 3 2 -3 -3 -5 
522 4 0 0 -1 -4 2 2 -3 1 -5 -5 3 -4 -5 -4 -2 -1 -5 -4 -3 
523 -1 -5 -4 -5 -5 -4 -5 -4 -4 -2 0 -5 -3 7 1 -4 -1 8 0 0 
524 -3 -4 -3 -4 -4 -4 -4 -3 -4 -2 3 -4 -2 -3 -4 3 5 -5 -4 0 
525 -3 -4 -4 -4 -5 -4 -4 4 -4 -5 -5 0 -3 -3 6 -2 -3 6 2 -5 
526 1 7 -1 -4 -5 -1 -3 1 -2 -5 -5 0 -3 -3 -5 -1 -2 -5 -4 -4 
527 4 -5 -5 -5 -4 -4 -5 1 -5 1 2 -4 -2 -2 -4 -3 -1 -5 -4 2 
528 1 -5 1 -3 -5 -4 -4 6 -4 -6 -6 -4 -5 -6 -4 1 1 -5 -5 -5 
529 0 -5 -6 -6 -4 -5 -5 -4 -6 1 4 -5 0 -2 -5 -4 -3 -5 -4 4 
530 -1 -4 0 -5 -4 -4 -4 1 -5 0 3 -1 3 -4 -5 0 2 -5 -4 3 
531 -5 -4 -5 -6 -5 -4 -5 -6 -1 -4 -4 -5 -4 1 -6 -4 -4 3 9 -3 
532 1 0 0 -2 -5 3 1 -4 4 -3 2 1 -2 -4 -4 -2 -3 -5 -4 0 
533 1 -5 -5 -6 -4 -5 -5 -1 -5 -1 2 -5 1 6 -1 -3 -2 1 0 1 
534 -3 -4 1 6 -5 -2 0 -2 -4 -4 -5 -3 -4 -6 -1 1 3 -3 -5 -4 
535 -2 -3 6 4 -5 -2 0 -1 -2 -5 -6 -2 -3 -2 1 1 -3 -2 0 -4 
536 1 -3 0 -1 -5 1 0 6 -3 -6 -6 -3 -5 -5 -4 0 -1 -1 -3 -3 
537 -3 -5 -6 -6 -4 -3 -6 -6 -5 3 3 -5 -1 2 -6 -4 -4 8 -2 2 
538 4 -4 2 -3 -4 -3 -3 -3 -4 -4 -3 -1 -3 1 -4 4 1 -5 -3 -1 
539 -2 -5 -5 -5 -5 -4 -4 -3 -5 -1 2 -4 -3 -1 7 -4 -3 -5 -2 0 
540 -5 -5 -5 -6 -5 -4 -5 -6 -1 -4 -3 -5 -3 5 -6 -5 -4 -1 9 -4 
541 4 -5 -5 -5 -4 -4 -5 0 -5 2 1 -4 -2 1 -5 -2 0 -5 -4 3 
542 -1 -3 5 -1 -4 -2 -3 -2 -3 -5 -5 -3 -4 -5 -4 6 -1 -6 -5 -5 
543 2 -4 -5 -5 -3 -4 -4 -4 -2 -4 -4 -4 -4 0 -5 -3 0 1 9 -2 
544 2 -3 -1 -3 -4 2 0 1 -2 -4 -5 -3 -4 -5 -4 5 1 -5 -5 -4 
545 -3 3 -3 -3 -5 2 4 -1 -3 -5 -5 1 -4 -5 -4 -2 4 -5 -4 -2 
546 0 -4 -2 -3 -4 -3 -3 0 -4 -5 -5 -3 -4 -3 -4 7 -1 -5 -4 -4 
547 -5 -5 -6 -6 -5 -6 -6 -6 -4 -1 1 -6 -1 8 -6 -5 -5 -2 2 -2 
548 -3 2 1 0 -5 2 3 1 -3 -3 -1 2 0 -4 -4 -2 0 -5 -5 -1 
549 -1 -5 -4 -4 -5 -4 -4 -4 -5 -5 -5 -4 -5 -6 8 -1 1 -6 -5 -3 
550 0 -3 1 -3 -3 0 -2 -3 -3 0 1 -2 -1 -3 3 0 2 -3 -2 3 
551 0 -1 -1 -1 -2 4 -1 -1 -2 -2 -2 -1 -2 -2 -1 3 2 -2 -2 -1 
552 0 -1 2 -1 -2 0 -1 0 -1 2 -1 -2 -1 1 -1 -1 0 -1 3 0 
553 1 -1 1 -1 -2 -1 -1 0 -2 -1 -1 -1 -1 1 1 1 1 -2 -1 0 
554 -1 -1 3 0 -3 5 1 -2 -2 -2 -1 -1 1 -2 -1 0 0 -2 -1 -2 
555 1 -3 -2 -2 -3 -2 -3 -1 -3 3 2 -3 2 -1 -1 1 1 -2 -1 0 
556 0 -1 0 -2 -3 -3 -3 5 -3 -3 -2 -2 -3 -2 -1 1 -1 0 -3 -3 
557 0 1 0 -2 -3 2 -2 1 -3 0 -1 0 -3 -2 0 0 3 -4 -2 1 
558 1 0 1 4 -4 -1 -2 1 -3 -4 -3 -1 -2 -4 -1 1 2 -4 -1 -3 
559 1 1 -2 -3 -4 -2 -2 1 -3 0 -1 -1 0 1 0 0 1 0 1 1 
560 -1 -1 2 1 -4 1 -1 1 -3 -1 -1 -1 -1 1 -2 1 1 -4 2 -2 
561 -2 -3 2 1 -5 -1 -1 6 -4 -1 -5 -3 -2 -5 -4 0 -1 -5 -4 -4 
562 0 0 3 0 -5 2 -1 4 -1 -4 -4 1 -4 -1 -3 0 -1 -5 -4 -3 
563 2 -3 1 0 -4 -2 -1 1 -4 -1 -2 -3 -1 -4 4 1 0 -5 -4 -2 
564 -3 -5 -5 -5 -4 -5 -5 -5 -4 0 4 -4 -1 6 -4 -4 -2 -3 2 1 
565 1 0 -2 3 -5 0 2 -4 -1 -4 -3 5 -4 -5 1 -1 -2 -5 -3 -2 
566 0 -5 -3 -4 -5 -4 -4 -3 -5 -5 -5 -4 -5 -6 8 -2 -3 -6 -5 -5 
567 -2 -3 -3 -2 -5 0 5 -4 -3 -2 -3 -2 0 -5 -4 1 4 -5 -5 -3 
568 -3 2 -3 -3 -5 0 3 -5 -3 -2 0 3 -3 -5 -4 -1 5 -5 -3 -2 
569 4 -4 -1 -4 -4 -4 -4 6 -4 -5 -5 -4 -5 -6 -4 1 -2 -5 -5 -4 
570 -3 3 0 0 -6 1 3 -5 0 -4 -5 4 -4 -5 -4 -2 0 5 -2 -4 
571 -1 -2 2 -3 -5 7 -1 -2 -3 -5 -5 -2 -3 -6 -4 1 2 -5 -4 -4 
572 -3 -4 -5 -6 -5 -4 -4 -6 -1 1 -3 -4 -3 0 -6 -3 -1 8 7 1 
573 -4 -3 -3 -1 -7 -1 8 -5 -3 -6 -6 -2 -5 -6 -4 -3 -4 -6 -5 -5 
574 3 -5 -5 -5 -4 -4 -5 -1 -5 3 2 -4 0 -2 -5 -3 -2 -5 -4 4 
575 -2 -5 -3 -4 -5 -5 -5 7 -5 -7 -7 -4 -6 -6 -5 -3 -4 -5 -6 -6 
576 1 -5 -5 -5 -4 -4 -5 -2 -5 3 1 -4 0 -1 -5 0 2 -5 -3 4 
577 -4 5 -3 -4 -6 -1 -2 -4 0 -6 -5 7 -4 -6 -4 -3 -3 -6 -4 -5 
578 -4 -5 -5 -6 -5 -4 -5 -6 -2 -2 0 -4 -3 3 -6 -4 -1 6 8 -2 
579 -1 0 -1 3 -5 6 2 -4 -2 -3 -3 -1 -1 -4 -4 -2 0 -5 -4 -2 
580 -2 -5 0 2 -5 -2 -3 -2 -3 -1 -4 -3 -5 -3 7 -1 -1 -6 -5 -4 
581 -1 -2 2 1 -5 -2 0 3 -3 -4 -5 0 -3 -5 4 -1 -1 -6 -3 -1 
582 0 2 2 2 -5 -1 -2 5 -3 -5 -5 -2 -3 -4 -4 -1 -3 0 -3 -3 
583 -1 -5 -3 -5 -4 -2 -5 0 -2 2 3 -4 2 2 -5 1 1 4 0 0 
584 -2 1 3 -1 -4 -1 -3 -2 -4 -3 1 -2 2 -1 -4 3 2 -5 -2 -1 
585 3 -5 -5 -5 -4 -4 -5 1 -4 0 2 -4 1 3 -5 -1 -2 -4 2 0 
586 -2 -3 2 -1 -4 0 2 -4 -4 -4 -4 -3 -4 -3 -4 3 6 -5 -3 -4 
587 4 -5 -5 -5 -4 -4 -4 -2 -5 1 3 -4 2 -1 -4 -3 -2 -5 -4 1 
588 5 -4 -3 -3 -3 -3 -3 0 -4 -4 -4 -3 -4 -5 -4 3 1 -5 -5 -2 
589 2 -5 -6 -6 -4 -5 -5 -3 -5 1 4 -5 -1 -1 -5 -4 -3 0 0 4 
590 -5 -5 -5 -6 -5 -5 -6 -6 -2 -3 -3 -5 -3 8 -6 -5 -5 -1 7 -4 
591 -4 3 2 5 -6 4 0 -4 3 -5 -2 -1 -4 -5 -4 -2 -2 -5 0 -5 
592 -3 -5 -6 -6 -4 -5 -6 -6 -6 6 4 -5 0 -2 -5 -5 0 -5 -4 0 
593 -3 3 2 4 -5 -1 0 -4 1 -4 -5 0 -3 -5 -4 -2 4 -6 -3 -1 
594 -4 2 -3 -4 -6 5 0 -5 -3 -5 -4 4 -3 4 -4 -3 -1 -4 0 -5 
595 -3 2 1 3 -5 3 2 -4 -3 -5 -5 4 -4 -5 -4 0 2 -6 -5 -4 
596 -4 -3 8 3 -6 -1 -2 -3 -1 -6 -6 -1 -5 -6 -5 -2 -3 -7 -5 -6 
597 -1 -2 0 -3 -4 3 1 -4 -4 1 -2 -1 -1 -4 -5 -3 -2 -5 -2 5 
598 0 -3 -4 -5 -4 -1 -4 -3 -4 2 4 0 1 -3 -1 -1 -1 -4 1 0 
599 -2 -4 0 -1 -4 2 -1 -4 -3 -1 -2 -3 1 -3 -4 0 5 -5 0 3 
600 1 0 -1 -3 -4 -2 -3 -3 -4 -3 -2 -1 -4 0 2 2 3 1 3 0 
601 -2 -4 3 6 -5 1 1 -2 -2 -1 -4 -3 -3 -6 -4 -1 -3 -6 -5 0 
602 -1 -2 0 -3 -5 1 -2 -2 -4 -2 -2 -2 -4 -1 6 1 -1 -5 -1 -1 
603 1 -3 2 1 -4 0 -1 1 -4 0 -2 -3 -2 -4 -1 1 2 -5 -4 1 
604 -1 -1 4 3 -5 -1 0 1 3 -2 -3 -3 -4 -3 1 0 2 -3 -3 -4 
605 0 -2 0 2 -5 -1 -3 2 -4 -3 -2 -3 -4 0 3 2 2 -5 -3 -1 
606 0 -1 1 -2 -2 -2 -2 0 0 -2 -1 -2 -1 1 0 1 3 -1 1 0 
607 -3 -3 0 -4 -5 0 -4 -5 -3 -3 -2 -3 -3 5 -2 0 1 6 5 0 
608 -2 3 -2 -2 -4 -1 0 -4 -3 2 -1 0 -3 -3 -5 -1 2 -5 -2 3 
609 1 -3 4 -1 -5 6 -1 -4 -3 -5 -5 -2 -4 -6 1 0 0 -5 -5 -4 
610 3 0 -2 -4 -4 -1 -3 -2 -5 2 1 -3 -2 -4 -4 0 3 -5 -4 1 
611 -2 -5 -3 -3 -5 -4 -5 7 -5 -7 -6 -4 -5 -6 -5 -3 -4 -5 -6 -6 
612 0 1 -3 -2 -6 2 6 -4 -3 -6 -5 3 -4 -6 -4 -2 -2 -6 -5 -5 
613 1 -5 -4 -5 -4 -2 -4 -5 -5 3 -2 -4 -1 -4 -5 -2 4 -5 -4 5 
614 -4 7 -1 -3 -6 1 0 -3 1 -5 -3 1 -4 -5 -5 -2 0 -5 -4 -3 
615 -1 0 0 -3 -4 -2 -3 -3 6 -4 -4 -3 -4 -5 -4 5 -1 -5 -2 0 
616 -3 6 -3 -3 -6 5 -1 -5 -2 -6 -5 2 -4 -6 -4 -2 -1 -5 -4 -5 
617 -2 -5 -3 -4 -5 -5 -5 7 -5 -7 -7 -4 -6 -6 -5 -3 -4 -5 -6 -6 
618 -1 -5 -6 -6 -4 -5 -5 -4 -5 4 3 -5 0 3 -5 -5 -3 -3 -3 4 
619 -4 -3 -3 0 -6 -1 7 -5 -3 -6 -6 -2 -5 -6 -4 -3 -4 -6 -5 -5 
620 -1 -5 -5 -6 -4 -5 -5 -5 -5 0 5 -5 0 2 -5 -2 1 -4 -3 1 
621 0 -3 -1 3 -5 1 6 -2 -3 -6 -5 -2 -5 -6 -4 2 -2 -6 -5 -5 
622 4 -5 -3 -5 -4 -4 -4 2 -5 0 2 -4 0 -2 -4 -3 -3 0 -4 2 
623 0 4 -1 0 -4 0 -2 -3 3 -2 -3 3 -3 -2 -3 1 2 -4 -3 0 
624 3 -3 -2 -4 -4 0 -3 3 -2 -3 -3 -3 0 -1 -4 0 -2 5 4 -1 
625 1 1 2 2 -4 4 1 -2 -1 -4 -4 0 -2 -4 -3 2 0 -3 -2 -3 
626 -3 -3 -3 -3 -3 -3 -3 -3 -3 3 4 -3 0 3 -3 -3 -2 -3 -2 1 
627 2 -1 2 1 -2 -1 -1 2 -1 -2 -1 -1 -1 -2 -1 1 -1 -2 -1 -2 
628 1 0 -1 0 -1 0 0 0 -1 -1 -1 0 0 0 0 0 0 -1 0 -1 
629 0 -1 0 0 -1 0 -1 0 -1 0 1 -1 0 0 0 -1 0 0 -1 2 
630 0 -1 0 0 -1 -1 -1 0 0 -1 -1 -1 -1 -1 2 1 1 -1 -1 -1 
631 0 0 1 1 -1 1 1 -1 0 -1 -1 1 0 0 2 0 0 -1 -1 -1 
632 2 0 -1 -1 -1 0 -1 -1 -1 0 0 0 -1 -1 2 0 0 -1 -1 1 
633 -1 -2 -2 -2 -2 -2 -2 -2 -2 -1 2 -2 2 -1 -2 -1 5 -1 -2 0 
634 0 2 0 4 -4 0 3 -2 -2 -4 -4 0 -3 -4 3 -1 -3 -4 -4 -4 
635 -1 2 5 1 -5 -1 1 4 0 -6 -6 -2 -5 -5 -4 1 -3 -5 -5 -5 
636 -4 -5 -6 -6 -4 -5 -5 -6 -5 1 5 -5 0 1 -6 -5 -2 8 -2 1 
637 -3 1 4 3 -5 -1 0 -3 -3 -5 -5 2 -4 -5 -4 3 0 -6 -5 -4 
638 0 -5 -6 -6 -4 -5 -5 -6 -5 2 4 -5 1 -1 -5 -4 -2 -3 -4 4 
639 -2 -3 0 -5 -4 -1 -4 -1 0 5 0 -1 0 -2 -5 -2 2 -4 2 1 
640 6 -4 -4 -4 -4 -4 -4 3 -4 -4 -1 -4 0 -3 -4 -1 -2 -5 -4 -2 
641 3 -3 2 -3 -4 -3 -3 1 -4 -5 -5 -3 -4 -5 -4 5 0 -5 -5 -4 
642 -3 -5 -5 -6 -5 -4 -5 -6 -1 -4 -3 -5 -4 2 -6 -4 -4 4 9 -4 
643 3 -4 0 -4 -3 -3 -4 -2 -4 -3 -4 -3 -3 -5 -4 1 6 -5 -4 -1 
644 -4 -2 -4 -6 -5 -4 -5 -6 0 -4 0 -5 -3 3 -6 -4 -4 4 9 -3 
645 -1 -4 2 -4 -4 1 -4 -5 -3 1 2 -4 -1 -3 -5 -2 5 -1 -2 1 
646 -3 0 1 7 -6 -1 0 -4 2 -6 -6 0 -5 -6 -3 -3 -3 -7 -5 -6 
647 5 -4 -3 -4 -3 -3 -4 -3 -5 0 -1 -4 2 -4 -3 0 1 -5 -4 2 
648 -3 3 -2 -2 -5 -1 5 -4 -1 -3 -4 3 -2 -2 -4 -2 2 -5 -4 -1 
649 -3 -3 1 -4 -4 -3 -4 -5 -3 4 -1 -4 -2 0 -4 -3 0 -3 4 4 
650 -2 2 -2 -3 -4 2 0 -4 -4 -1 -2 1 -3 -5 -4 0 5 -5 -4 0 
651 -1 2 -2 1 -5 2 4 -2 -1 -5 -3 4 -4 -5 -4 0 -2 -5 -4 -5 
652 1 -4 0 5 -4 -2 -1 -1 -4 -3 -5 -2 -4 -5 -4 3 0 -6 -5 -4 
653 0 -4 4 -2 -5 -2 -2 4 -4 -2 -4 -3 -4 -5 3 0 2 -6 -3 -3 
654 1 -4 2 5 -5 0 0 -1 -4 -4 -2 -2 -3 -5 0 0 2 -4 -3 -2 
655 0 -3 4 -1 1 -3 -1 -3 -3 -1 1 -3 -3 2 -2 -2 1 -4 4 -1 
656 2 -1 0 1 -5 3 2 -4 -3 -1 -3 2 -4 -4 -3 0 -1 -5 -1 0 
657 -3 -5 -2 -1 -5 -4 -5 7 -3 -6 -2 -3 -5 -6 -5 -3 -4 -5 -6 -6 
658 -3 1 6 -2 -5 -1 -2 -4 1 -5 -4 5 -3 -4 -4 -2 0 -6 -4 -5 
659 -2 5 -1 1 -5 3 1 -5 1 -4 -4 0 -2 -5 -1 -1 3 -4 -4 -2 
660 -1 -5 -5 -5 -4 -3 -5 -5 -5 -2 3 -4 3 -2 6 -4 -3 4 -4 1 
661 1 -3 -3 -3 -4 1 -2 -4 -4 0 -3 -3 -1 -2 6 -1 1 2 0 1 
662 -1 0 4 -2 -5 1 -2 2 -3 -2 0 -3 -3 3 -5 -1 -3 0 3 0 
663 1 -1 -4 -5 -4 -3 -4 -5 -4 3 -2 -4 1 -3 -5 0 2 -5 2 5 
664 2 -4 -4 -4 -5 -4 -4 -4 -5 -5 -5 -4 -5 -6 7 2 -3 -6 -5 -4 
665 -2 6 0 -1 -6 -1 2 -5 0 -5 -4 3 -4 -5 -1 -2 -1 -5 -2 -5 
666 -4 -2 4 -1 -6 4 -2 -4 8 -6 -4 -2 -3 -4 -5 -1 -2 -3 -2 -4 
667 0 -2 -3 -4 -4 4 -3 -4 -3 -1 -1 0 6 -3 -4 1 3 -5 -3 0 
668 5 -4 -4 -3 -4 -4 -4 2 -5 -2 -1 -4 -3 1 -4 -2 -2 -5 -3 -1 
669 0 -4 1 -3 -4 -3 -3 -1 -4 -4 -5 -3 -3 -2 -4 6 2 -5 -1 -3 
670 2 -5 -5 -6 -4 -5 -5 -3 -5 0 5 -5 0 -1 -5 -4 -2 1 -4 2 
671 -3 -5 -5 0 -5 -4 -5 1 -3 -5 -3 -5 -3 2 -6 0 -4 11 -1 -5 
672 4 -4 -2 -5 -4 -4 -4 2 -5 -2 2 -4 1 -1 -4 0 0 -5 -4 1 
673 -2 1 2 5 -5 -1 -2 -1 -1 -4 -3 -1 -1 -5 -4 0 1 -6 -4 0 
674 -5 -4 -3 -6 -5 -2 -5 -6 1 -4 -4 -4 -4 1 -6 -4 -4 5 9 -4 
675 1 2 -1 2 -4 1 1 -3 -2 -3 -5 0 -3 -4 -4 0 4 -6 -5 -2 
676 -3 -3 -5 -5 -5 -5 -4 -5 -3 0 2 -5 -1 6 1 -3 -2 5 0 0 
677 1 -1 1 3 -5 3 1 3 2 -6 -5 -1 -4 -6 -3 0 -2 -5 -4 -5 
678 -2 0 1 1 -5 -1 -3 6 -2 -6 -6 -2 -5 -6 -1 -1 -4 -6 -5 -6 
679 -2 -5 -6 -6 -4 -4 -5 -3 -5 0 4 -5 0 3 -6 -4 -1 8 -1 0 
680 -2 3 0 0 -5 -1 -3 3 -2 -5 -5 -1 -3 -5 -3 2 3 -3 0 -3 
681 1 -5 -5 -6 -4 -5 -5 -4 -5 3 3 -5 -1 4 -5 -4 -1 2 0 3 
682 -1 -4 3 -3 -5 -4 -4 6 -4 -6 -5 -4 -5 -6 -5 0 -1 -5 -5 -5 
683 4 -5 -4 -5 -4 -4 -4 3 -5 -1 2 -4 -1 -2 -4 0 0 -5 -4 -1 
684 -1 -5 0 2 -5 -4 -3 6 -4 -6 -5 -4 -2 -6 -5 0 -4 -5 -6 -5 
685 2 -5 -4 -5 -4 -4 -5 2 -5 1 -1 -4 0 -3 -5 0 -1 -1 -4 5 
686 -4 7 -1 -2 -6 -2 -2 -5 1 -5 -3 -1 -4 0 -5 -2 -1 -5 1 -4 
687 0 -4 -5 -6 -5 -4 -5 -3 2 -4 -3 -4 -4 2 -5 -4 -3 -1 9 -4 
688 -2 -3 -4 -5 -4 3 -4 -4 -4 2 -2 -4 3 0 -5 -3 1 -5 0 5 
689 -2 -4 -1 -1 -5 -4 -4 6 -4 -6 -6 -3 -5 -6 -4 4 -2 -5 -5 -4 
690 1 1 -1 1 -5 0 2 -1 -3 -5 -4 3 -3 -5 -2 3 0 -2 -3 -4 
691 0 3 0 -3 -4 3 -3 -2 -3 0 -3 -2 2 -4 -4 4 2 -5 -4 -2 
692 1 -1 -4 -4 -5 0 -1 -3 0 -4 -4 -3 1 4 0 -2 -2 7 5 -3 
693 3 -4 -2 -4 -4 -4 -4 5 -4 -3 -4 -4 1 -5 -4 2 -1 -5 -5 -2 
694 -1 -3 2 7 -5 -2 -1 -2 -3 -4 -4 -3 -5 -5 0 -2 -2 -6 -2 -4 
695 3 -1 3 2 -4 -1 -1 0 -2 -2 -2 -2 -4 -3 2 0 0 -5 -1 -3 
696 5 -2 -2 1 -3 0 1 -1 -3 -3 -2 -1 -2 -4 -3 0 0 -5 -3 -1 
697 -4 -3 8 -1 -5 -2 -2 -1 0 -5 -5 -3 -4 -4 -3 -1 -2 -5 -1 -4 
698 -2 -2 -2 -1 -3 -1 -2 -3 -2 -2 -3 -3 -3 -4 -2 3 6 -4 -2 -2 
699 1 0 -2 -2 -2 -1 -1 -1 -1 1 1 -1 0 0 -1 0 1 -1 -1 2 
700 1 0 -1 0 -1 1 1 -1 -1 -1 -1 2 -1 -2 -1 0 0 -1 0 0 
701 1 -1 1 -1 -1 0 3 0 -1 -1 -1 -1 -1 -1 0 0 -1 -1 -1 -1 
702 0 -1 1 2 -1 -1 0 0 -1 -1 -1 0 -1 -1 0 2 1 -1 -1 -1 
703 3 -1 0 0 -1 -1 -1 -1 -1 -1 0 0 -1 -1 0 0 0 -1 -1 0 
704 0 -1 2 3 -1 0 0 0 0 0 -1 0 -1 -1 -1 0 0 -1 0 -1 
705 0 -1 0 0 -1 -1 -1 3 -1 -1 -1 -1 -1 -1 -1 0 0 -1 -1 -1 
706 1 0 1 0 -1 1 0 0 -1 -1 -1 0 -1 -1 -1 2 0 1 -1 -1 
707 1 -1 0 1 -1 0 -1 -1 0 0 0 -1 -1 -1 0 -1 1 -1 1 1 
708 -2 -2 -1 -1 -2 -2 -2 4 0 -1 -2 -2 -1 5 -2 -2 -2 0 1 -2 
709 -2 3 0 1 -4 0 1 -3 -2 -3 -3 4 -3 -2 -2 -1 2 0 0 -3 
710 -1 -4 -4 -4 -3 -3 -4 -4 -4 3 3 -4 1 -2 -4 -3 0 -4 -3 5 
711 -1 -4 -3 0 -5 -3 -3 -1 -4 -5 -5 -2 -5 -5 8 -1 -3 -6 -5 -5 
712 3 -4 -2 1 -4 -3 -2 4 -2 -5 -5 -3 -4 -5 -3 4 -2 -5 -4 -4 
713 -2 -2 -3 -5 -5 -4 -5 -5 -1 -3 -3 -4 -3 3 -5 -2 -2 0 8 1 
714 0 -2 -3 -3 -4 -3 -4 -4 -2 -3 -3 -3 3 -1 -4 -1 6 2 -4 1 
715 -3 -3 -5 -6 -4 -3 -5 -6 -5 0 4 -5 -1 -3 -5 -4 1 -5 -2 4 
716 1 -5 -5 -6 -4 -5 -5 -3 -4 -1 0 -5 1 4 -5 -4 -3 7 3 4 
717 -3 -3 3 7 -6 -3 -1 0 -1 -6 -6 -3 -6 -6 -4 -2 -3 -7 -5 -6 
718 5 -4 -5 -5 -3 -4 -4 -2 -5 -3 2 -4 1 -1 -4 -2 -1 -1 -4 -1 
719 3 2 1 -4 -4 1 -3 0 -4 -3 -1 -2 5 2 -4 1 -2 -5 -3 -2 
720 2 -5 -5 -5 -4 -4 -5 -2 -5 3 2 -4 0 -3 -5 -2 0 -5 -4 4 
721 1 3 -2 -3 -5 -1 -2 3 5 -5 -5 0 -3 -2 -4 2 0 -5 -1 -5 
722 -2 -1 -5 -6 -5 -2 -5 -6 0 -4 -4 -3 -2 1 -6 -3 -2 3 9 -4 
723 -2 0 0 6 -6 -1 2 -4 -2 -5 -5 1 -5 -6 -4 -1 -1 -6 -5 -4 
724 -2 -3 -4 -5 -4 -2 -4 -5 -3 1 4 -4 2 5 -4 -4 0 2 -1 0 
725 0 0 1 -1 -4 -2 -2 5 -3 -3 -3 1 -3 -3 1 0 -2 -4 -1 -3 
726 -1 2 -2 -1 -3 0 0 -3 -1 0 0 1 -1 -2 4 -2 -1 1 0 0 
727 0 -1 1 0 -3 3 0 3 -2 -2 -2 0 -2 -3 -3 2 -1 2 -3 -3 
728 -1 -1 2 -2 -3 -2 -1 0 -2 -2 3 0 3 -1 -2 -2 0 1 1 -2 
729 0 1 0 0 -4 2 0 -2 1 -4 -3 3 -3 -4 1 1 0 2 0 -4 
730 -2 1 3 1 -4 -2 -2 5 2 -5 -4 1 -2 -5 -3 -1 -2 -5 -4 -5 
731 1 -5 -5 -6 -4 -4 -5 -5 -5 -1 3 -5 2 -1 -5 -1 -1 8 -1 2 
732 -3 4 1 1 -5 1 0 -3 -3 -4 -4 3 -4 -5 -4 2 3 -5 -3 -4 
733 1 -5 -6 -6 -4 -5 -5 -4 -5 1 4 -5 1 3 -5 -4 -2 2 -2 3 
734 3 -1 1 -2 -4 5 -2 0 -3 -5 -4 -2 -3 0 -4 1 -1 -5 -2 -4 
735 -1 -5 -6 -6 -4 -5 -5 -1 -5 1 4 -5 -1 2 -5 -4 -4 -4 -3 4 
736 -1 0 7 -1 -5 -3 -3 2 -1 -4 -5 -3 -5 -6 -5 0 -1 -6 -5 -4 
737 3 -5 -5 -6 -4 -5 -5 -2 -5 2 0 -5 0 -3 -5 -3 -3 -5 -4 6 
738 -1 1 5 1 -5 0 -2 -3 -3 -4 -5 4 -4 -6 -4 1 2 -6 -5 -3 
739 -4 -3 9 -1 -5 -3 -3 -3 -2 -6 -6 -3 -5 -6 -5 -2 -3 -7 -5 -6 
740 -4 -5 -6 -6 -4 -5 -6 -6 -6 3 6 -5 0 -2 -6 -5 -4 -5 -4 1 
741 0 -5 -5 -5 -5 -5 -4 -3 -4 -3 0 -5 -3 8 -5 -3 2 -2 -1 -3 
742 -4 -4 5 7 -6 -3 -1 -3 -3 -6 -6 -3 -6 -6 -4 -3 -3 -7 -6 -6 
743 -3 5 -1 -3 -3 0 1 -5 0 -5 -5 5 -4 -6 -4 -3 0 -6 -4 -4 
744 -3 3 -1 2 -5 2 4 -4 1 -4 -5 0 -4 -5 -4 -1 2 -5 -1 -2 
745 -3 -4 -4 -5 -5 -3 -4 -5 0 -3 -4 -4 -3 1 -5 -4 -3 0 9 -3 
746 -3 -5 -5 -4 -4 -4 -3 -5 -3 2 -1 -4 -2 3 -5 -4 -3 1 6 4 
747 3 -4 -3 -3 -3 -3 -1 0 -4 -2 -4 -3 -3 2 1 2 3 -4 0 -1 
748 0 4 -1 -3 -2 -1 -3 1 -3 -5 -5 -2 -3 -5 -3 4 1 -5 -2 -4 
749 0 -4 -3 -3 9 -4 -4 1 -5 -4 -4 -4 -4 -5 -4 3 -1 -5 -5 -1 
750 -1 -3 -1 -1 -3 0 -2 -1 -1 2 0 -3 -1 3 -3 -1 0 0 5 1 
751 0 -2 0 4 -1 -1 -1 1 -2 -2 -3 -2 -3 -1 -2 2 -1 -3 -1 0 
752 1 -2 2 2 1 0 -1 0 -2 -2 -2 -2 -2 -1 -3 0 3 -1 1 0 
753 -1 -1 5 0 -3 -1 0 -2 -1 -4 -3 -2 -3 -4 -2 4 1 -4 -2 -3 
754 -1 1 5 -1 -3 0 0 0 -2 -2 -1 -2 -3 -3 2 1 1 -1 -2 -1 
755 1 -1 1 -2 -1 -1 -2 1 -2 -2 0 0 0 1 -3 -1 -1 3 3 0 
756 0 -1 -2 -1 -3 -2 -3 4 -3 -3 -3 -3 -2 2 -3 -1 -2 3 4 -1 
757 -2 2 -1 -5 9 -4 -5 -5 -5 0 -3 0 -2 -5 -5 -3 -3 -5 -4 1 
758 -1 -4 -2 -5 -5 1 -3 -4 -2 -1 -2 -4 0 3 -5 -1 -3 5 7 -1 
759 -1 -4 -5 -6 -5 -4 -4 -5 -3 0 -1 -5 0 3 4 -4 -3 6 6 2 
760 2 -5 -3 -3 -5 -3 -4 7 -5 -4 -6 -4 -5 -6 -5 -3 -4 -5 -6 -5 
761 2 -2 1 2 -5 2 2 -4 -3 -3 -3 -2 -1 -4 3 -1 -1 -5 -2 -4 
762 -1 1 -3 0 -5 0 3 3 -4 -6 -6 -3 -5 -6 5 -2 -2 -6 -5 -4 
763 -4 8 -3 -4 -6 0 -3 -5 -3 -6 -4 0 -4 -4 -5 -3 -4 -5 -4 -5 
764 -2 -1 3 -3 -4 3 -1 -4 -3 -4 -4 -1 0 -5 -4 2 5 -5 -4 -2 
765 -1 -5 -6 -6 -4 -5 -5 -6 -5 3 0 -5 1 3 -5 -4 -3 0 2 6 
766 -3 -4 -3 -4 -4 1 -1 -1 -4 1 1 -3 1 -1 -5 0 3 -4 3 2 
767 4 -5 -5 -5 -4 -4 -5 2 -5 -1 2 -4 0 -1 -5 -2 -3 -5 -4 2 
768 -2 0 0 0 -4 3 -1 1 -4 -5 -3 -1 -4 -5 -4 3 5 -5 -5 -4 
769 3 -5 -5 -5 -4 -4 -5 -1 -5 1 3 -4 0 -3 -5 -2 0 -5 -4 3 
770 -1 2 2 -2 -4 -1 -2 -1 -3 -5 -5 2 -4 -5 -4 4 3 -6 -5 -4 
771 -4 -3 -5 -6 -5 -4 -5 -6 0 -2 1 -3 1 2 -6 -5 -4 0 8 1 
772 -1 5 2 2 -5 2 1 -1 -3 -5 -5 2 -4 -6 -3 1 0 -6 -5 -4 
773 -5 -6 -6 -7 -5 -5 -6 -6 -4 -4 -3 -6 -3 7 -6 -5 -5 10 2 -4 
