15
15
15
15
14.33596
13.01623
11.83016
10.75871
9.808761
9.536453
10.85591
11.01244
11.07312
10.97857
10.78392
10.74611
10.67609
10.68705
10.74213
10.76333
10.87016
10.95011
11.12607
11.2642
11.5157
11.27139
11.21188
11.05845
10.89209
10.67948
10.60803
10.56489
10.47733
10.38748
10.28774
10.23455
10.20989
10.21741
10.23604
10.28696
10.40746
10.55165
10.68134
10.84611
10.977
11.08905
11.14359
11.23412
11.45045
11.62908
11.7298
11.78069
11.8341
11.74809
11.54151
11.27482
10.93082
10.57828
10.28214
10.07505
10.07078
10.43443
11.11049
11.89793
12.76397
13.41505
13.90744
13.99537
15
15
15
15
14.86827
12.8781
11.73817
11.64918
11.69334
11.82069
11.94696
11.50303
11.45624
11.50587
11.54644
12.59067
13.80492
14.40547
14.08641
13.86301
14.70183
14.79921
12.99065
11.75076
10.44977
9.806142
10.49662
12.2955
12.52775
12.02704
11.09634
9.912163
9.160973
8.449388
8.789545
8.558012
8.615821
8.843925
9.02836
9.159139
9.248167
9.286868
9.240211
9.112097
8.671416
7.872819
7.182238
6.665008
6.387499
6.22565
7.111782
7.467741
8.038432
8.483313
8.85424
9.114024
9.327316
9.419407
9.401705
9.192425
9.035886
8.715981
8.319938
7.964764
7.48662
7.142028
7.375129
7.890209
8.377426
8.707116
8.828205
9.072084
9.250943
9.472236
9.649675
9.684249
9.794196
9.837294
9.880541
9.906944
9.902637
9.912828
9.827885
9.886517
9.943419
10.04929
10.15121
9.999656
10.03737
10.01554
10.01548
9.994276
9.81346
9.746323
10.13078
11.23887
12.3323
13.07161
14.0133
14.98242
15
15
15
15
15
15
15
14.40925
13.3393
11.66981
10.50282
9.686299
9.001589
9.539098
10.64941
10.83673
12.53278
13.34274
13.98757
14.16328
14.28775
13.85498
13.22635
12.43694
11.57443
11.47012
11.34578
11.20279
11.08958
10.76494
10.412
10.28751
9.915832
9.929339
10.14472
10.62318
11.19184
11.48398
11.67391
11.92265
12.22537
12.52353
12.52444
12.26195
11.89109
11.56184
11.33373
11.2233
11.09269
10.90777
10.71676
10.69153
10.81077
11.0595
11.24162
11.30454
11.20566
11.2463
11.26406
11.41958
11.44527
11.44032
11.3825
11.25917
11.15737
11.12283
11.06823
11.17495
11.45811
11.64941
11.61633
11.69257
11.74126
11.77524
11.55392
10.93426
10.62519
10.43815
10.43514
11.14057
12.04442
12.88431
13.86139
14.07649
14.39556
14.80174
14.74964
13.85746
11.68763
8.834149
6.046991
3.430799
3
3
3.271678
5.450177
7.349802
8.972388
10.22743
12.20323
14.48275
15
15
15
15
15
14.26396
11.66246
9.52885
7.192387
4.730669
3.442743
3
3.414564
6.021053
8.492877
10.43134
13.13197
14.28347
15
15
14.46487
11.47481
9.858407
7.164369
5.073393
3
3
4.726784
7.250119
10.02828
12.3455
14.84095
15
15
15
15
15
15
15
15
15
15
15
14.46637
12.05774
9.496244
6.680917
4.863567
3
3
5.384742
7.976598
9.926771
12.6473
13.75089
15
15
14.14286
11.4988
9.664964
6.995481
4.879324
3
3
4.501028
7.073441
9.893841
12.48179
15
15
15
15
15
15
15
15
15
15
15
15
15
15
15
15
15
15
15
15
15
15
15
15
15
15
15
15
15
15
15
15
13.83512
11.50034
8.866543
5.933905
4.09204
3
3
5.412698
7.905128
10.2086
12.75943
13.60264
15
15
14.2116
11.46002
9.768292
7.210184
5.197528
3
3
4.344303
6.790955
9.612394
12.04652
14.54927
15
15
15
15
15
15
15
15
15
15
15
15
15
15
15
15
15
15
15
15
15
15
12.32111
9.931185
7.108004
4.147704
3
3
3.611174
6.380536
8.022971
10.10271
12.14468
14.29527
15
14.71249
14.88043
15
13.09926
10.08355
8.097636
5.008047
3
3
3
5.642161
8.065926
11.00419
13.53267
15
15
15
15
15
15
15
15
15
15
15
15
15
15
15
15
15
15
15
15
15
15
15
15
15
15
15
15
15
15
15
15
15
15
14.61516
11.98616
9.446615
6.533053
3.975456
3
3
4.837933
7.408384
10.1303
11.48183
14.30063
15
13.02117
10.12458
8.279333
5.024835
3
3
3.045248
5.790355
8.161145
10.96761
13.48924
15
15
15
15
15
15
15
15
15
15
15
15
15
15
15
15
15
15
15
15
15
12.93886
10.91006
8.211318
5.286635
3
3
3.297009
6.034073
7.99275
11.04419
12.10779
14.58339
14.71949
12.106
9.43626
7.510876
4.827121
3
3
3.128197
6.223639
8.689295
11.53488
13.84329
15
15
15
15
15
15
15
15
15
15
15
15
15
15
15
15
15
15
15
15
15
15
15
14.09407
11.52745
8.848967
6.298338
3.697217
3
3
5.034468
8.04025
9.909129
12.30607
13.63669
11.57656
8.329392
6.518748
3.877451
3
3
4.486747
7.722088
8.761851
11.64246
14.13123
15
15
15
15
15
15
15
15
15
15
15
15
15
15
15
15
15
15
15
15
15
15
15
14.53983
11.83615
9.204691
6.33892
4.361581
3
3.983436
6.713566
8.573189
10.59705
10.84653
12.91316
14.31351
13.80317
12.75551
12.85866
13.78046
13.79286
13.19757
10.85388
8.052822
6.564574
4.140398
3.066563
3
3.50115
6.244716
8.568179
11.52409
14.07207
15
15
15
15
15
15
15
15
15
15
15
15
15
15
15
15
15
15
15
15
14.95454
12.02127
9.483257
7.051478
4.284287
3
3
4.529884
7.610813
9.518273
11.737
14.20725
12.28484
9.02206
7.298551
4.365476
3
3
4.647944
7.727574
8.947458
11.29611
13.82243
15
15
15
15
15
15
15
15
15
15
15
15
15
15
15
15
15
15
15
15
15
15
15
15
15
13.36556
11.36371
9.120598
6.678873
4.255411
3.110706
3.108077
5.29861
7.124045
8.986944
10.57351
12.91722
14.63797
15
15
14.16973
12.82195
10.17506
8.037266
5.123521
3
3
3.798277
6.554205
9.196541
12.37632
14.8476
15
15
15
15
15
15
15
15
15
15
15
15
15
15
15
15
15
15
15
15
15
15
14.33598
11.70956
8.931042
6.469534
3.610914
3
3
4.279197
7.14351
9.018643
11.34342
