0 2 -3 4 -2 -3 -2 -2 -2 -2 -4 -4 -2 -3 -4 -3 5 2 -5 -4 -3 
1 4 -4 -3 -4 -4 -4 -4 6 -4 -5 -5 -4 -4 -5 -1 -1 -3 -5 -5 -4 
2 -4 -5 -6 -6 -4 -5 -6 -6 -5 2 2 -5 -2 6 -6 -5 -4 5 -1 4 
3 -2 -3 0 4 -5 1 5 -4 1 -2 -5 0 -4 -6 -4 1 1 -6 -5 -2 
4 -5 -5 -6 -6 -5 -6 -6 -6 -4 -2 0 -6 -1 8 -6 -5 -5 2 4 0 
5 -2 -3 3 -2 -5 -1 -3 0 8 -6 -5 -2 -4 -1 -5 2 0 -5 -1 -5 
6 -1 -5 -3 -4 -5 -4 -5 7 -5 -6 -6 -4 -1 -6 -3 -1 -2 1 -5 -6 
7 -5 -4 -5 -6 -5 -4 -5 -6 -1 -4 -4 -5 -4 1 -6 -4 -2 0 9 -4 
8 4 -5 -5 -5 -4 -4 -5 1 -4 0 1 -4 4 4 -5 -1 -3 -4 0 -2 
9 -4 8 -3 -4 -6 -2 -3 -5 -3 -6 -5 0 1 -5 -5 0 -4 -6 -4 -5 
10 2 -4 -3 -3 -4 -3 -4 0 -4 -1 -1 -4 3 -4 -4 4 0 0 2 0 
11 -1 -5 1 -4 -5 -4 -3 7 -5 -6 -6 -4 -5 -6 -5 -2 -4 -5 -6 -3 
12 2 -5 -5 -5 -4 -4 -5 -2 -5 2 1 -5 1 2 -2 -1 0 4 2 2 
13 1 0 -3 0 -4 -1 -4 5 2 -3 1 -3 -3 -4 -4 -1 -1 -5 -1 -1 
14 -1 -4 -4 -3 -4 -4 -3 0 -2 1 0 -4 3 3 -4 -1 1 6 2 1 
15 -1 -1 4 0 -4 2 -2 -3 -1 -3 -4 -1 -4 -4 -3 4 2 -5 -4 -1 
16 1 -2 1 3 -1 0 0 2 -3 -4 -2 -2 -1 -4 1 2 -1 -5 -4 -3 
17 0 0 2 3 -4 0 2 1 3 -3 -4 -2 -4 -4 -3 2 -2 -4 -3 -2 
18 0 -4 -1 3 -4 -3 -1 5 1 -4 -2 -3 -4 -3 -4 -1 -1 -4 -1 -4 
19 -1 0 2 1 -4 0 -1 5 -1 -5 -5 -1 -4 -5 -4 1 -1 -2 -4 -4 
20 0 2 0 0 -4 2 2 0 0 -2 -2 2 -1 0 -1 1 0 -4 -3 -3 
21 -1 -1 1 -1 -4 4 -1 0 -3 -2 -3 -1 1 -1 0 0 3 -3 1 -2 
22 -2 1 1 1 -2 2 0 -1 -3 -1 -2 2 -3 -2 0 -2 0 -3 0 2 
23 2 -1 0 2 -3 0 -1 3 2 -2 -3 -1 -2 -3 -2 2 0 -3 -2 -3 
24 -1 -2 -1 -2 -2 0 0 4 -2 -2 -2 -1 0 0 -2 0 2 0 -2 0 
25 -1 -1 1 1 0 -1 2 0 -2 -2 -1 0 1 -2 3 0 0 -2 -1 -2 
26 -2 1 1 -2 -2 2 -1 -1 -1 1 0 -1 -1 2 -2 0 -1 -1 4 0 
27 1 -2 -1 -1 -2 -1 -2 1 -2 0 1 -2 2 -1 -2 1 1 -2 -2 2 
28 0 -1 1 0 7 -2 -2 0 -3 -2 -2 1 -2 -3 -2 0 2 -3 -3 -1 
29 -1 -1 0 -3 -4 -3 -3 0 -2 -2 -1 -3 -3 5 5 -3 -2 -3 2 -3 
30 2 -1 1 2 -4 4 -2 1 -3 -4 -2 1 -3 -1 -3 0 -1 -4 -1 -3 
31 1 -3 -2 -2 -4 0 -2 3 -3 -3 1 -3 -3 -3 0 1 -1 -3 3 -2 
32 1 0 1 0 -4 0 0 0 -1 -4 -2 0 -3 -1 3 1 0 4 1 -3 
33 1 -3 0 -3 -4 1 -3 4 -3 -1 -1 -3 -3 0 0 0 2 -4 -3 -1 
34 3 0 -1 1 -4 -3 -2 3 -4 0 -2 2 -1 -4 -3 0 -2 -4 -2 -2 
35 0 -2 1 -1 -4 1 0 5 -3 -3 -5 -2 -2 -5 2 0 0 -4 -1 -4 
36 2 -1 -1 -3 -4 -1 -1 2 0 -4 -3 1 -3 -4 -2 3 1 0 -1 -3 
37 -3 0 -1 -4 -4 -3 -3 -5 2 2 2 4 3 -3 -3 -2 -1 -5 -2 2 
38 -3 -5 -4 -2 -5 -4 -5 6 -3 -5 -5 -4 -4 3 -5 -3 -4 2 5 -5 
39 -4 8 -2 -1 -6 0 -1 -5 -1 -5 -5 1 -4 -5 -4 -3 -4 -5 -4 -5 
40 -3 -4 -5 -5 -4 -4 -1 -5 -4 -1 6 -4 0 1 -5 0 -3 0 -3 -2 
41 -2 -5 -3 -4 -5 -4 -5 7 -5 -6 -6 -4 -5 -6 -5 -3 0 -5 -5 -5 
42 -3 -3 8 1 -5 -3 -3 -3 -2 -2 -2 -3 -4 -5 -5 -2 -3 -6 -3 -3 
43 -2 -3 -3 -1 -6 2 7 -5 -3 -6 -5 -2 -4 -5 -4 -2 -2 -5 1 -5 
44 0 -4 1 1 7 -3 -3 1 1 -3 -2 -3 -1 -4 -1 0 -2 -4 2 0 
45 -3 -1 0 6 -5 -1 4 -2 -3 -5 -5 -2 -4 -5 -3 0 -1 -5 -4 -4 
46 -2 -4 3 -3 -4 0 -2 -1 -1 -1 -2 -3 -3 2 -2 0 5 -4 0 -2 
47 -3 -4 -3 -4 -5 -4 -5 1 0 -4 -3 -2 -4 1 -5 -2 -2 7 8 -1 
48 2 -5 -5 -5 -4 -5 -5 3 -5 3 -1 -5 1 2 -3 -1 -1 1 1 1 
49 -2 -2 -1 1 -6 -1 7 -5 -3 -6 -6 1 -5 -6 -4 -1 -4 -6 -5 -5 
50 0 -5 -6 -6 -4 -5 -5 -2 -5 1 4 -1 0 4 -4 -3 -3 -4 -3 1 
51 0 0 1 -1 -5 2 1 2 3 -1 -4 1 -2 -3 -4 0 1 -6 -4 -2 
52 -3 -5 -6 -6 -4 -5 -6 -5 -5 2 5 -5 3 4 -2 -3 -2 2 -3 -1 
53 0 2 1 0 -5 0 1 3 1 -3 -4 1 -2 -6 -4 1 1 -6 -5 -1 
54 -2 0 -2 -1 -6 5 0 -4 4 -4 -5 5 -4 -2 -3 -2 -4 -5 1 -2 
55 0 2 2 1 -5 0 4 -3 -1 -4 -2 2 -4 -5 -2 -1 1 -5 -5 -2 
56 -3 -2 -5 -2 -4 1 -4 -5 -2 1 3 -4 -2 4 -3 -3 -1 6 -2 3 
57 -1 -1 0 1 -4 2 0 -4 -3 -2 -4 1 -3 1 -3 -2 2 6 5 -2 
58 1 -2 2 -1 -4 0 -1 -2 -1 -3 2 2 -1 2 -4 0 -1 0 -1 -1 
59 0 -1 0 5 -5 2 3 0 -3 -4 -5 0 -4 -6 -1 0 0 -6 -5 -4 
60 -3 -3 5 4 -6 -1 0 3 -3 -6 -6 -3 -5 -6 -2 0 -2 -6 -2 -6 
61 -1 -5 0 3 -6 -4 -1 6 -5 -3 -6 -3 -5 -6 -1 -3 -4 -6 -6 -6 
62 2 -1 -3 -4 -4 2 -2 -1 -4 -1 -4 4 0 -3 -4 2 1 -5 -4 2 
63 -2 1 -3 -4 -4 1 -3 -4 0 0 -4 0 -4 -2 0 2 3 7 -1 -1 
64 2 -5 -5 -5 -4 -4 -5 -5 -5 0 1 -5 -2 5 -5 0 1 7 -1 0 
65 -2 3 0 3 -5 -1 -1 -1 0 -1 -4 2 -4 -3 -3 0 -3 -4 4 -3 
66 1 -5 -5 -5 -4 -5 -5 -1 -4 2 1 -5 -2 5 -5 -4 -1 -3 3 3 
67 -2 -1 0 4 -4 1 0 -4 2 -2 -3 1 1 -2 -4 -3 1 -5 -1 3 
68 1 -3 -4 -4 -4 -1 -4 -1 -4 0 0 -4 -1 2 -4 2 2 -4 -1 3 
69 -3 3 2 -4 -4 0 -2 -2 -3 -3 -2 0 8 -4 -4 -2 2 -4 -4 -2 
70 0 -4 -4 -5 -4 -4 -4 -1 -4 3 3 -4 2 0 0 -2 0 1 -1 2 
71 4 -3 -3 3 -4 0 1 -1 -2 -4 -2 -2 -4 -4 -4 2 1 -5 -2 -2 
72 -2 -4 -2 3 -5 0 -3 1 4 -4 -1 -2 3 2 -4 -2 -2 -3 5 -3 
73 -1 -3 2 -1 -4 0 -2 3 -4 -4 -3 0 0 -3 -3 1 0 6 1 -1 
74 -2 -4 3 -1 -4 1 -2 0 -1 -2 -2 -3 -1 -3 -1 3 1 -5 0 2 
75 -1 0 2 3 -5 -2 1 2 -3 -2 -3 1 -4 -5 0 0 1 -5 -1 -3 
76 -1 -3 3 -2 1 4 -2 3 -2 -2 -2 -3 -3 0 -4 1 1 -4 -1 -2 
77 0 -1 1 -1 -4 1 -1 -1 2 -4 -3 0 -4 1 -1 3 1 -1 4 -4 
78 -1 -1 5 1 -4 -2 -1 2 1 -4 -3 -2 -1 -1 -4 1 -2 -4 1 -2 
79 -1 0 2 5 -5 -1 0 1 0 -5 -3 -2 -2 -4 0 -1 -2 -5 0 -4 
80 -3 -4 2 -2 -4 -1 -3 1 -3 -4 -2 0 -4 -2 -1 -1 -1 10 2 -4 
81 0 -2 2 0 -4 0 3 -1 -3 -4 -3 -1 -1 2 -3 1 2 2 -3 -3 
82 3 -3 -1 -1 0 -1 -2 2 0 -4 -4 -2 -3 -3 -1 3 0 1 -3 -1 
83 0 -3 0 4 -4 -3 1 1 -3 -1 -3 -2 -3 1 -3 1 3 -4 -3 -2 
84 -1 -1 1 5 -4 0 1 1 -2 -3 -4 -3 -4 -5 -2 2 1 -5 -4 -4 
85 1 -2 1 -1 -4 -3 -2 3 1 -4 -4 -2 -4 -1 2 3 -1 -1 -2 -2 
86 0 1 1 0 -5 1 0 0 3 0 -1 0 2 -4 -4 0 0 4 2 -4 
87 -1 -3 -4 -4 -3 -3 -3 -3 -3 2 3 -4 0 4 -3 -2 -1 -3 1 2 
88 2 1 4 -1 -4 2 1 1 -1 -4 -1 -1 -3 -5 -4 -1 -3 -5 -4 -2 
89 -3 -4 -4 -5 -3 -3 -4 -5 -4 2 3 -4 2 4 -4 -3 1 -3 -2 3 
90 1 5 -3 -3 -4 0 -2 -3 -3 -2 -4 3 -1 -4 1 1 -1 -5 -4 -2 
91 -3 -2 0 1 -6 7 4 -4 -2 -6 -5 1 -4 -6 -4 -2 -3 -5 -4 -5 
92 4 -4 0 -5 -4 -4 -4 -1 -4 -1 1 -4 4 3 -4 -1 0 2 -3 0 
93 -3 -4 3 -4 -5 -4 -4 -5 -1 -4 -3 -4 -3 5 -5 -4 -4 2 8 -3 
94 2 -5 -5 -5 -3 -4 -4 -1 -5 2 1 -4 -1 -3 -4 -2 1 -5 -4 5 
95 -1 -1 -1 -2 -5 4 5 0 -3 -4 -4 0 -4 -5 -4 -1 2 -5 -3 -4 
96 2 -4 -4 -4 -3 -4 -4 0 -4 1 2 -4 2 1 -4 -3 2 4 0 1 
97 -2 0 -1 -1 -4 -1 -2 4 -2 -4 -4 4 -4 -5 -3 2 2 -4 -2 -3 
98 -2 -3 6 0 -4 -2 -2 5 0 -5 -5 -2 -4 -5 -4 -1 -2 -5 -4 -5 
99 -3 -4 -4 -4 -3 -4 -4 -4 -4 2 4 -4 1 3 -4 -4 -3 -3 0 2 
100 1 -2 -3 -1 -3 -2 -2 -3 -3 2 2 -2 0 2 2 1 -1 -3 -2 -1 
101 0 -2 -1 0 -3 -1 2 0 -2 -2 -2 -2 0 3 2 0 0 -1 1 -2 
102 -2 -2 -2 -2 -2 -2 -2 -2 -2 -1 1 -1 0 6 -2 0 -2 3 0 -1 
103 2 -1 0 0 -2 0 0 1 -2 0 -1 -1 -1 -2 2 0 1 -2 -2 -1 
104 -1 -2 -1 2 -2 -1 -1 2 -2 -2 -1 -1 -2 -2 5 0 -1 -2 -2 -2 
105 2 -2 -1 -1 -2 -1 2 1 -2 -1 -1 -2 1 0 0 2 -1 0 -2 1 
106 0 -2 0 1 -2 1 -2 -2 -1 -1 3 -2 0 3 -2 -1 -1 0 -1 0 
107 -2 -1 1 0 -4 0 2 -3 -2 -4 -4 2 -3 -4 5 -1 -2 -4 -3 -3 
108 -1 -3 3 4 -4 -2 2 4 -1 -4 -4 -2 -4 -4 -3 -1 -1 -4 -4 -4 
109 5 -4 -3 -4 -3 -3 -3 2 -4 -1 0 -3 -1 -4 -3 1 1 1 -4 -2 
110 -1 0 2 1 -4 -2 -2 -3 -3 -1 -4 1 -3 -4 -4 2 4 -4 2 0 
111 -4 -5 -6 -6 -4 -5 -5 -6 -5 3 3 -5 3 5 -5 -4 -3 -3 -2 3 
112 -5 -5 -6 -7 -5 -4 -5 -5 -5 -5 -4 -6 -4 -1 -6 -5 -5 12 0 -3 
113 5 -4 -4 -4 -3 -4 -4 2 -4 0 -3 -4 -3 -3 -4 -1 -3 -5 -4 2 
114 -2 -5 -3 -4 -5 -4 -5 7 -5 -6 -6 -4 -5 -6 -5 -3 -4 -5 -6 -6 
115 -2 5 -2 -3 -5 2 -1 -4 -1 -5 -4 6 -4 -5 -4 -1 -1 -5 -4 -5 
116 -4 7 -1 1 -6 -1 -2 -5 3 -4 -4 1 -4 -5 -4 -3 -2 -5 -4 -5 
117 -2 -2 -4 -1 -5 -4 -4 -4 -2 -3 -3 -1 0 6 -5 -3 -3 4 6 -3 
118 -4 -2 -1 2 -5 -3 -3 -3 3 -1 2 -4 -3 1 -5 -1 -4 1 7 -3 
119 -1 4 2 1 -4 4 0 -1 -1 -1 -4 1 -3 -4 -3 -1 -2 -4 -2 -3 
120 -3 6 -3 3 -6 -1 0 -4 -3 -2 -5 0 -4 -5 2 -2 -3 -5 -4 -5 
121 -1 0 5 -1 -4 2 0 -2 5 -4 -4 0 -4 -2 1 -1 -3 -4 -1 -2 
122 1 -2 0 0 -2 2 -1 -2 0 0 -1 -2 -1 3 -2 -1 0 -1 3 0 
123 -2 -3 1 6 -5 1 2 0 -3 -5 -5 -2 -4 -4 -3 0 -3 -5 0 -5 
124 -2 -4 -4 -4 -3 -4 -4 -4 -4 6 1 -4 -1 -2 -4 -2 -1 -4 0 4 
125 -4 -3 0 -2 -5 2 -1 -1 9 -5 -1 -3 -3 2 -2 -3 -4 -4 0 -5 
126 -1 -5 -5 -5 -4 -1 -5 -5 -3 5 1 -4 6 -1 -5 -1 -3 5 -3 0 
127 -1 -1 3 -3 -4 -4 -4 0 -4 2 3 -4 1 0 -5 -1 1 -4 1 0 
128 -4 -4 1 7 -6 -2 2 -4 -3 -6 -6 -2 -5 -6 -4 0 -3 -7 -5 -6 
129 -4 -2 -2 -5 -5 -4 -3 -5 1 -2 -3 -4 -2 5 -5 2 1 7 5 -4 
130 -4 -3 -1 2 -5 -3 -1 0 -2 -4 -3 3 -3 5 -4 -3 -4 4 5 -4 
131 -3 -5 -5 -5 -5 -4 -1 -4 1 0 0 -4 -3 2 -2 -2 -1 7 6 1 
132 -4 -1 -3 -2 -4 0 -4 -5 -4 0 2 1 4 0 -5 -3 -2 8 1 2 
133 -3 -3 4 4 -5 2 -1 -4 2 -5 -5 -2 -1 2 0 1 1 -5 -3 -5 
134 -2 -4 1 0 -4 0 -2 -2 3 2 1 -4 2 -3 1 1 0 -5 1 0 
135 1 -3 2 2 -4 -2 -2 0 -3 -1 -2 -2 -4 -5 -4 5 -1 -5 -4 -2 
136 1 -4 0 -3 -4 -2 -4 6 -4 -5 -5 -3 -5 -5 -4 1 -3 -5 -5 -5 
137 0 -4 -2 -3 -4 2 -3 -1 -3 0 -1 -3 -1 -3 2 -1 5 -4 2 -1 
138 -1 -4 0 -4 -5 -4 -4 7 -4 -5 -6 -4 -5 -5 -4 -2 -4 -5 -5 -3 
139 4 -5 -4 -5 -4 -4 -4 3 -4 -1 -1 -4 -3 2 -4 -3 -3 1 1 1 
140 -2 -5 -1 -1 -5 -4 -4 7 -4 -6 -6 -4 -5 -6 -5 -1 -4 -5 -6 -6 
141 -2 -5 -1 -5 -4 -5 -5 -1 -5 5 1 -5 0 2 -5 -1 -3 -5 -3 4 
142 -4 -1 -1 2 -6 3 5 -5 -3 -5 -1 2 -2 -4 -4 -2 0 -4 3 -4 
143 -3 -3 6 4 -5 -2 -1 1 1 -6 -6 -1 -5 -5 -4 -2 0 -6 -1 -5 
144 -1 -4 -5 -5 -4 -4 -4 -2 -4 4 1 1 1 1 -5 -4 -3 4 1 3 
145 -1 0 1 4 -5 2 0 0 -1 -5 -2 2 -4 -5 2 0 0 -6 -5 -5 
146 0 -5 -5 -6 -4 -5 -5 -3 -5 3 4 -5 3 1 -3 -4 -2 4 -2 2 
147 -2 -2 1 -1 -5 -3 -4 6 -4 -2 -4 0 -5 -5 -3 -1 0 -1 -5 -3 
148 -2 -4 1 3 -5 -2 -1 3 -1 0 -3 -1 -4 3 1 -2 -2 -1 2 0 
149 1 -4 1 1 -4 0 -3 5 -2 -3 -4 -3 -4 -2 -4 0 0 -5 -3 -2 
150 1 -1 -1 -4 -4 1 -3 -2 -1 -1 1 4 0 -3 -4 -1 1 4 -4 -1 
151 -1 1 -4 -2 -4 -4 -3 0 -2 0 3 1 -1 3 -5 -3 -2 1 -3 -1 
152 -1 -4 -1 4 -4 1 -2 -1 -1 -2 1 -2 -1 0 -4 3 -2 -4 1 -3 
153 1 -4 3 -1 -4 -1 -4 -1 -4 1 0 -2 1 2 -2 1 -3 2 -1 2 
154 4 -4 -4 0 -4 -4 -4 0 -3 -2 -2 -4 -3 2 -4 -1 -1 -3 4 1 
155 2 -4 -3 0 -4 0 -4 -4 1 0 0 -3 -3 -2 -4 2 -1 6 1 2 
156 -2 -5 -4 -4 -4 -4 -5 -3 -4 2 2 -5 1 3 -5 0 1 -1 2 3 
157 1 4 -3 0 -4 0 -3 0 -3 0 -1 -2 1 1 -4 1 0 -4 2 -1 
158 0 1 1 1 -4 2 -1 1 -3 -1 -1 -3 -3 -4 0 2 1 -4 1 -1 
159 -2 4 1 3 -5 -1 -1 -1 -4 -4 -4 0 -4 -4 -1 0 2 -5 -5 2 
160 -1 -1 2 4 -5 0 3 -2 -4 -2 -3 0 -4 -5 -4 1 0 -5 -3 -1 
161 1 -3 1 2 -1 -4 -2 1 -1 -4 -2 -4 -4 3 -1 2 -2 2 3 -2 
162 0 -4 1 2 3 1 0 5 -4 -4 -5 -3 -4 -4 -3 -1 -1 -2 -5 -2 
163 -1 1 3 5 -5 -2 0 0 0 -5 -3 0 -1 -5 -4 1 -2 -1 -2 -4 
164 -1 -3 2 -1 -4 -2 -3 1 -3 2 -2 -2 -3 1 2 2 1 -5 0 0 
165 -3 0 2 2 -3 2 2 0 -1 -4 -1 -2 -2 -1 -1 0 1 -3 2 -2 
166 0 -1 2 3 -5 0 -1 -1 -2 -3 -4 -2 -4 -4 2 1 1 -3 -2 2 
167 -1 -2 4 -1 -5 0 -3 1 -1 -1 -1 -2 1 -4 -3 2 2 -1 -1 -1 
168 1 -1 2 2 -4 -2 0 0 -1 -2 -4 0 -4 -3 0 1 2 -3 1 -2 
169 -2 -2 5 2 -5 0 -1 2 0 -3 -4 -1 -4 -3 0 0 1 -5 -3 -2 
170 -2 0 1 5 -5 1 0 -3 -3 -1 -5 0 -4 -2 -2 1 -1 -4 3 -4 
171 1 -1 -4 0 -4 -4 -3 -2 -1 3 0 -4 1 -2 -3 -1 2 -5 -1 4 
172 0 1 4 2 -5 2 0 0 0 -2 -4 -2 -4 1 -4 0 0 -4 2 -3 
173 0 3 3 1 -5 -2 -2 -2 -4 -1 -1 -1 -4 -5 2 0 1 -6 -3 1 
174 -1 1 3 0 -5 0 -3 -2 3 -1 -2 -3 -2 -1 -4 1 -1 1 5 0 
175 0 4 2 0 -5 -3 -3 -3 0 2 -2 -1 -1 -3 -2 -1 1 -5 2 0 
176 1 -2 -6 -6 -5 -3 -5 -4 -2 3 4 -2 -2 3 -1 -4 -2 -5 -3 1 
177 0 -3 2 5 -5 -2 -2 -1 -1 -3 -5 -2 -5 -6 -1 0 4 0 -5 -2 
178 -1 -5 -1 -3 4 -3 -1 -5 -5 2 2 -5 2 0 -5 1 -2 0 -1 3 
179 -1 4 4 0 -5 -3 -2 -4 -4 -1 -4 1 -4 -5 0 -1 3 -1 -1 -3 
180 -1 -4 5 -3 -5 -1 -1 1 1 -3 0 -3 -4 0 -2 -1 -4 1 5 -2 
181 -1 0 -4 -2 -5 -3 -2 1 3 -1 -2 1 -4 2 4 -2 -3 5 3 -3 
182 -1 -4 2 4 -5 0 -1 4 -1 -1 -4 -3 -2 0 -5 1 -3 -5 -1 -3 
183 0 -3 -2 -3 -5 -3 -3 5 -1 3 -1 -4 -4 -3 -5 -1 -4 -5 -5 -1 
184 -1 -1 2 -1 -5 0 1 -4 -1 -5 -5 1 -4 -5 4 2 2 -5 0 -1 
185 -2 -4 -3 -5 -4 -3 -5 -1 -2 -1 4 -4 -1 2 -5 -2 -3 6 0 1 
186 -3 -1 -3 2 -5 3 4 -2 1 -4 -4 -2 -2 0 -3 -2 2 4 0 -4 
187 -1 -2 -3 -3 -4 -4 -4 1 -2 0 3 -1 -1 3 -4 -4 -3 3 -2 2 
188 0 -1 -2 -3 -4 -2 -3 5 -1 -4 -1 -4 5 -4 -4 -2 -1 -1 -1 0 
189 1 -4 -3 1 -4 -3 -2 1 -4 1 2 -2 -1 2 -3 -3 -3 -4 -2 3 
190 0 0 3 3 -4 -1 -2 -3 0 -2 -4 1 -1 -3 -4 3 1 -5 -4 -1 
191 -1 -1 -4 -1 -5 -4 -4 3 0 -2 0 -2 -3 1 -5 -4 -2 0 7 -3 
192 1 -1 0 -3 -4 -4 -2 2 2 1 2 -1 3 -1 -4 -2 -3 -5 -4 1 
193 1 2 -1 -1 -5 0 -1 1 1 -2 -1 0 3 2 0 -1 -1 1 2 -3 
194 4 -3 -4 -3 -4 -2 -1 -1 -4 -2 -2 -2 0 -2 1 1 0 -4 -1 0 
195 0 -1 5 0 -4 -1 -2 0 0 -1 1 1 -3 0 0 0 0 -5 -4 -2 
196 -1 -2 1 4 -4 0 1 -1 -3 -3 -1 1 -4 -3 1 -2 1 -1 -1 -1 
197 -2 1 4 -2 -4 0 -2 -1 -3 -4 0 0 -1 1 -3 2 3 -4 -1 -2 
198 -1 -1 1 5 -5 -1 2 -1 -1 -4 -3 1 -4 -1 -4 1 0 -5 -4 -3 
199 0 -2 0 3 -4 -1 1 0 0 0 1 0 -3 1 -2 0 -1 1 -3 -2 
200 -1 2 -1 -2 -4 3 -2 -2 2 -1 0 2 -2 -1 -3 -2 -2 -3 3 -1 
201 1 0 1 -1 -4 1 0 0 -1 0 0 3 -3 -2 -3 0 0 -3 1 0 
202 0 0 3 2 -3 -1 0 -1 -2 0 0 -1 3 -3 -2 -1 -2 -3 1 -1 
203 1 -3 2 0 -3 0 -1 0 -2 -2 -3 1 -1 -1 -1 1 0 -3 3 0 
204 -1 0 2 1 -4 1 0 3 0 0 -2 0 -1 -3 0 0 0 0 -1 -2 
205 0 -1 1 0 -3 -1 -1 4 -3 -2 -3 -1 -3 1 -2 1 -1 -3 -3 -2 
206 2 -2 3 2 -3 -1 2 0 -2 -2 -2 -1 -3 0 0 0 -2 -3 0 -2 
207 0 -2 0 1 -3 0 -2 -1 0 0 0 0 -3 -1 -1 2 0 2 1 1 
208 0 -1 1 3 -3 0 -1 0 -1 0 -2 0 2 -3 -1 1 -2 -3 -1 0 
209 -1 -3 2 1 -3 -1 1 1 1 -1 1 0 -3 -1 -1 -1 -1 -3 1 0 
210 0 -1 -1 0 -3 0 0 2 0 -3 -1 -1 -2 1 -1 1 2 -3 -1 -1 
211 -2 -1 1 4 -4 0 2 -1 -1 -2 -1 0 -3 -3 0 0 -1 -4 1 -1 
212 2 -2 -2 2 -3 0 0 -2 -3 -2 -2 -1 0 2 0 0 0 -1 3 -1 
213 4 -2 -2 0 -4 -1 0 0 1 -4 -4 1 -4 -1 1 1 0 -4 -1 -3 
214 -3 -1 3 5 -5 -1 1 -1 1 -3 -2 3 -2 -5 -4 -1 -1 0 -4 -2 
215 -2 -2 2 4 -5 1 -2 0 -2 -5 -2 2 -4 -4 -2 2 1 -5 1 -3 
216 0 -4 0 0 -5 -2 -2 6 -4 -5 -4 -2 -5 -5 -3 0 -1 2 -5 -5 
217 -1 -3 -1 -1 -5 0 -1 -1 1 0 -1 -2 -1 3 -2 -2 -1 7 2 1 
218 -1 -4 -4 0 -5 -1 -1 3 3 -4 -1 -4 5 1 -5 0 0 5 0 -1 
219 2 -5 -4 -3 1 -3 -4 1 -4 -1 2 -4 4 3 -5 0 0 -4 0 0 
220 2 -4 -3 -4 -4 -4 -3 0 -4 -1 -1 -1 3 0 -2 1 4 -2 -4 1 
221 4 -4 -2 -5 -4 -4 -4 1 -4 0 2 -2 -1 0 -4 -2 -1 -5 -1 2 
222 1 -4 -4 -4 -4 1 2 2 -4 1 -1 -1 -1 -4 -2 -1 3 -5 -1 1 
223 -3 -1 -2 -3 -5 -3 0 0 5 1 2 -4 1 -1 -5 -2 -1 2 4 -1 
224 -3 -1 2 -3 -5 1 0 -4 5 -3 0 1 -3 -4 -4 2 2 2 -3 1 
225 -1 1 2 0 -5 5 -1 -1 2 -4 -2 -1 0 -2 -2 -1 1 -4 1 -2 
226 -1 -2 1 3 -4 2 0 -2 1 -3 -4 2 -4 -2 1 2 0 -5 -4 -2 
227 -1 -2 2 2 -3 1 -1 1 0 -1 0 0 -2 -3 -1 2 0 0 -3 -1 
228 0 -3 -2 -1 1 0 -1 -3 -1 -1 -1 -2 1 6 0 -1 -1 2 1 -1 
229 -1 -3 1 -2 -3 -1 -2 -1 0 -1 1 -3 -1 4 -3 -2 0 2 4 -1 
230 -1 -3 -2 -1 -3 1 -1 5 -3 -3 -2 -1 -3 1 -2 -1 -2 -3 1 0 
231 -2 -3 -3 1 -3 -1 -1 2 -3 0 2 -3 3 -1 1 -1 0 -3 -3 0 
232 1 2 -1 1 -3 -2 -2 -1 -2 -3 2 0 0 -1 -2 2 0 1 -3 -1 
233 -1 -1 2 2 -4 0 1 3 -3 0 -3 0 -4 -3 1 0 0 -4 -2 -4 
234 -1 -4 -1 -1 -4 -4 -3 6 -4 -2 -5 -4 -4 -5 -4 0 -1 -5 -2 -3 
235 -3 -4 1 -2 -4 -2 -1 -2 4 -3 -2 -1 -1 5 -4 1 0 5 3 1 
236 1 -3 6 -2 -5 0 -2 -2 -1 -2 -5 -3 -4 -1 -4 1 2 -5 0 -4 
237 -3 2 2 -3 -5 3 1 -1 -3 -3 -5 5 -4 -6 -4 -1 1 -6 -5 -3 
238 -1 -5 -3 -5 -4 -4 -5 -5 0 1 3 -5 -1 4 -5 0 2 1 -1 0 
239 3 -4 -4 -4 -3 -4 -4 -1 0 2 -3 -1 -1 -2 -4 0 1 2 0 4 
240 0 -4 -4 -4 -3 -3 -4 -1 -4 3 2 -4 3 1 -4 -3 0 5 -2 1 
241 0 2 -2 -3 -4 4 0 -1 -3 -3 0 2 -2 -4 -3 0 0 -4 -3 1 
242 -3 -4 -2 -5 -5 -1 -4 -3 1 -3 -1 -4 -2 2 -5 -3 -2 3 8 0 
243 4 -2 -1 -3 -4 -4 -4 5 -2 -5 -5 -2 -2 -5 -4 1 -3 -5 -5 -4 
244 -3 0 2 3 -5 3 0 -3 3 -5 -4 1 -4 -2 -2 0 2 2 -1 -3 
245 -1 -2 3 0 -5 -2 -1 6 -4 -5 -5 -3 -5 -5 -4 1 -1 -5 -5 -5 
246 2 -4 -2 -4 -4 -2 -2 1 -1 -1 1 -1 4 -3 1 2 -1 -4 1 -1 
247 0 -1 -1 0 -4 -3 -4 4 -4 2 -3 -3 2 1 -4 -3 1 -4 2 -1 
248 4 -2 1 -1 -4 1 -1 -2 -3 -2 -4 -1 -4 -4 -4 3 2 -5 0 -2 
249 -1 -2 1 0 -4 4 1 2 -2 -5 -3 -1 -2 -5 -1 3 -2 1 -1 -4 
250 -1 -1 2 -4 -4 -3 -4 1 -4 0 2 -4 2 2 -4 -1 0 -1 0 2 
251 0 -2 3 1 -4 -1 0 2 -1 -4 -2 2 0 2 -4 1 0 -1 -1 -4 
252 -1 -2 3 1 -4 -3 -2 4 -4 -4 -3 -2 -3 -5 -3 2 0 -5 -2 -1 
253 -4 0 0 1 -5 -1 -4 0 4 2 0 -2 -2 2 -2 -4 1 3 4 -1 
254 0 -4 3 -1 -5 -3 -2 2 -1 -5 -5 -1 -2 0 1 2 1 2 3 -3 
255 1 -1 1 0 -5 1 -1 3 -4 -5 -4 -1 -4 -3 -1 2 0 2 0 -5 
256 -1 -4 1 4 -5 -2 -2 3 0 0 -4 -2 2 -4 -2 -2 0 2 0 0 
257 0 -4 -2 -2 -4 0 -3 3 -4 -3 -2 -1 -4 -1 0 1 1 4 3 -1 
258 0 -2 4 1 -4 -1 -1 1 -2 -3 -3 0 -4 -2 0 1 2 1 -1 -1 
259 1 -2 0 0 -4 -2 -2 0 -4 0 2 1 -2 -1 -2 0 -2 2 0 1 
260 -3 -2 3 2 -4 1 0 -1 2 -3 1 0 -3 -4 -1 -1 3 -5 0 -2 
261 -2 -2 4 3 -4 -1 2 -1 0 -5 -5 1 -4 -4 0 2 1 -5 0 -4 
262 -3 1 3 5 -5 0 1 3 -3 -5 -5 -1 -4 -5 -4 0 -2 -5 -4 -5 
263 4 -3 -1 1 -3 -1 -2 3 -3 -3 0 -3 -1 -4 -3 -1 0 -4 -1 -2 
264 -1 1 1 2 -4 1 0 -3 3 -3 -3 3 -3 -4 -3 1 1 -1 -1 -1 
265 1 0 -3 -3 -3 -1 -3 1 -1 -3 -2 -3 3 -4 -3 3 3 -4 -4 -2 
266 -2 -4 -4 -4 -4 -4 -2 -4 -3 1 2 -4 3 3 -4 -2 -2 8 3 1 
267 -3 7 -3 -4 -5 -1 -1 -5 -3 -5 -1 -1 -3 1 -5 -3 -3 -4 3 -4 
268 1 -5 -5 -5 -4 -3 -5 -5 -5 4 3 -5 1 2 -5 -4 -1 -4 -3 3 
269 2 -1 -4 -3 -4 -2 -4 -3 -5 4 1 -4 -2 -1 -4 1 1 -5 -4 2 
270 -1 -4 3 3 -5 -2 2 -4 -1 -3 -1 -3 -2 1 -4 2 -1 -1 -1 0 
271 -1 -3 -1 0 -5 3 1 -2 5 -3 -3 -3 -4 -1 -4 0 0 5 5 -3 
272 -2 -5 -3 -2 -5 -4 -3 6 -4 -3 -1 -4 0 2 -5 -3 -4 -4 -1 -1 
273 0 -4 1 1 -4 -2 1 0 -1 -2 -1 -1 0 -4 -4 0 1 -5 -2 3 
274 0 -5 -1 -5 -4 -4 -5 -5 1 3 0 -5 2 1 -5 -4 2 8 3 1 
275 -1 0 2 1 -5 4 1 -3 -1 -5 -4 0 -4 -1 2 0 -2 -5 3 -3 
276 -1 -1 -5 -5 -4 -2 -3 -3 -5 3 3 -4 1 4 0 -3 -1 2 -3 1 
277 0 -1 1 0 -2 -3 -2 3 -3 -5 -4 0 -4 -2 -3 3 3 -6 -5 -3 
278 -3 -2 2 5 -5 1 3 0 -3 -5 -5 0 -5 -5 3 0 -3 -6 -5 -5 
279 -1 3 3 1 -5 2 -2 2 0 -5 -3 2 -4 -5 -2 -1 -1 1 -2 -4 
280 -1 -5 -5 -6 -4 -5 -5 -5 -5 1 0 -5 0 5 -5 -3 0 9 -1 1 
281 -1 1 0 1 -5 2 2 2 0 1 -4 -1 -2 -2 -4 3 -2 -5 -2 -3 
282 -2 -5 -5 -6 -4 -5 -5 1 -5 4 3 -5 5 2 -5 -4 -2 -4 -3 2 
283 2 -3 1 -1 -4 3 0 2 -4 -2 -2 -2 5 0 -4 0 -2 -5 -4 -3 
284 -1 -4 1 -4 -5 -2 -4 1 5 -2 -3 -4 -4 0 3 -2 0 3 5 -2 
285 3 -4 -2 -3 -4 2 0 -2 -4 -1 1 -3 -1 -1 -4 2 -1 -5 -2 2 
286 3 -5 -5 -5 -4 -2 -5 -1 -5 2 3 -4 0 1 -5 -3 -3 -5 -4 3 
287 1 -3 -4 -5 -4 -1 -1 -3 -4 2 1 -4 3 -1 -4 -1 2 -5 0 3 
288 1 -4 -4 -5 -5 -2 -2 -2 0 -4 -2 -4 -3 3 -5 -2 -4 5 8 -4 
289 -1 -1 -1 -2 -5 6 2 1 3 -3 -3 -1 -2 -2 -4 1 -1 1 -4 -5 
290 -1 1 1 3 -5 1 -2 -3 2 -2 -3 2 -1 -1 -4 1 0 2 2 -2 
291 1 -3 0 0 -4 1 -1 2 -3 -1 -2 -2 -3 -1 -3 2 2 -4 1 -2 
292 -3 -1 2 4 -4 1 1 -4 -1 -3 -1 3 -3 -2 -4 2 -2 -5 0 -3 
293 -2 0 3 6 -5 -1 0 -1 -1 -3 -1 -2 -3 -2 -3 -2 -1 -5 -4 -2 
294 -1 3 -2 3 -4 0 0 0 -1 2 -2 -2 1 -4 -4 -1 -1 -4 0 1 
295 -2 1 1 -1 -5 -3 -4 1 2 -3 -2 -2 -2 1 -3 1 0 5 5 -3 
296 0 -2 0 3 -4 -2 0 3 -2 -3 -3 -1 -2 0 2 -1 -3 2 -1 1 
297 2 -1 3 2 -4 0 0 1 -3 -3 -4 0 -3 -5 -2 1 0 2 -1 -3 
298 0 -2 1 1 -4 -1 1 4 3 -3 -3 -1 -4 -4 -4 0 0 -5 -4 -2 
299 -2 -3 0 6 -5 -1 1 1 0 -5 -3 0 -2 -4 -3 1 0 -5 -4 -3 
300 -3 -1 2 5 -4 -2 1 1 0 -4 -4 2 -4 -5 -3 2 0 -5 -4 -4 
301 -2 1 -2 -1 -4 2 -2 -4 -2 -1 0 -2 1 3 -2 0 2 1 3 -2 
302 -3 3 0 3 -5 1 2 0 -1 -4 -3 1 -1 -5 -4 -1 3 -5 -4 -3 
303 -3 0 1 0 -5 0 -2 -3 -4 -1 -1 -4 -1 0 -5 0 -1 10 1 -4 
304 0 -5 -5 -4 -4 -3 -5 -2 -3 1 1 -3 2 3 -5 -2 0 4 6 0 
305 0 1 0 -3 -3 -2 -3 -1 -3 0 -3 -2 -2 -2 -4 5 3 -5 -4 -2 
306 3 -4 -5 -5 -3 -4 -4 -3 -5 1 2 -4 0 2 -4 -2 1 -4 -3 3 
307 0 -2 3 -4 -4 -2 -4 4 -4 0 -2 -4 1 -4 -4 -2 -2 -5 -4 3 
308 2 -5 -5 -5 -4 -4 -3 1 -5 2 1 -4 0 -3 -5 -3 -1 -5 -4 4 
309 -4 8 -1 -4 -6 -2 -3 -3 -3 -5 -5 0 -4 -5 -5 -2 -1 -5 -1 -5 
310 -1 -5 -5 -4 -5 -4 -4 -1 -5 -3 0 -4 -2 -3 7 -2 -3 -6 -5 0 
311 2 -4 -3 -4 -4 2 -3 -3 0 2 -2 -3 5 -4 -4 2 1 -5 -2 1 
312 -3 -4 -1 -5 0 2 -4 -5 0 -2 -4 -3 -3 3 -5 -4 -4 4 8 -4 
313 1 -1 0 -2 -5 2 1 -1 1 1 -3 3 -2 1 0 -2 -3 2 1 -1 
314 -2 -5 -6 -6 -4 -5 -5 -5 -1 2 1 -5 -1 4 -6 -5 -2 9 0 2 
315 -2 -3 5 2 -4 -3 -3 -1 1 -5 -5 -3 -1 -5 -4 2 4 -6 -4 -4 
316 -2 0 2 4 -6 3 3 -4 -1 -6 -5 1 -4 -6 2 0 -1 -6 -5 -5 
317 -4 -2 5 -3 -5 1 -3 -4 3 0 -4 -3 -3 0 -5 -2 1 3 4 0 
318 -4 -4 2 -5 -5 -3 -5 -3 3 -1 1 -5 5 6 -5 -4 -2 1 -1 1 
319 1 3 -2 -2 -5 2 0 -1 1 -5 -5 3 -4 -1 -4 3 -3 -5 -2 -4 
320 -2 -4 -4 -5 -4 -4 -4 -3 -5 1 3 -4 4 -2 -3 -2 4 0 -4 1 
321 2 -4 -3 -4 -4 2 0 1 -4 1 2 -4 -1 -3 -5 -2 -3 5 0 1 
322 1 -5 -4 -5 -4 -4 -5 0 -4 -1 2 -4 2 3 -5 -1 1 -1 4 1 
323 -3 -1 -3 0 -6 -1 7 -5 -3 -6 -4 -2 -4 -6 -4 -3 0 -6 -5 -5 
324 3 -5 -5 -5 -4 -4 -5 2 -5 1 2 -4 -2 1 -3 -3 -2 -5 -4 3 
325 -1 -4 -3 -4 -5 -4 -2 6 -1 -5 -5 -4 -1 -5 -4 2 -1 -5 -5 -2 
326 -2 -2 -4 -5 -4 -3 -4 -2 4 -1 -1 -4 -3 2 -5 -3 -4 6 8 0 
327 1 -3 1 4 -4 4 0 -2 -1 -4 -4 -3 0 3 -4 -1 -1 -4 -3 -3 
328 -1 2 2 -1 -4 2 -2 -2 3 -3 -2 0 -1 -1 -3 0 0 2 4 -2 
329 -2 -1 0 -2 -3 1 1 -1 -3 2 -1 -1 4 -1 -3 -2 1 -3 -1 3 
330 -2 1 0 4 -3 0 2 -3 1 -3 -3 4 -1 -3 -2 -1 -1 -3 -1 -3 
331 0 -1 -1 0 -3 -1 -1 -2 -2 0 1 -1 1 0 1 1 1 3 1 -1 
332 0 -1 0 3 -3 4 2 0 -2 -2 -3 1 -2 -3 0 -1 -1 2 -3 -2 
333 0 1 1 2 -3 1 -1 -2 0 -2 -3 1 -3 -2 2 1 1 -3 -3 0 
334 -1 -1 3 1 -3 0 1 1 -2 -1 -2 0 -2 -3 -2 0 2 -3 0 -2 
335 0 -2 3 -1 -3 -2 -2 4 -2 -1 -3 0 -3 -2 -3 0 1 -3 -1 -2 
336 0 2 -1 1 -4 -1 0 0 -3 -1 -2 1 0 -1 -4 0 1 -3 4 -1 
337 -1 2 2 1 -5 1 1 -1 0 -2 -2 1 -4 -1 -4 1 0 3 -4 -2 
338 -1 -1 4 2 -4 2 -1 2 -3 -1 -4 -1 0 -5 -4 1 0 -5 -4 0 
339 -1 2 3 1 -4 -1 -1 2 0 -1 -3 1 -4 -4 0 0 -1 -4 1 -2 
340 -1 -1 2 2 -4 2 0 2 1 -4 -4 0 -4 -1 -1 1 0 -4 1 -1 
341 1 -1 0 0 -3 1 -1 3 0 -4 -4 2 -3 -4 0 0 1 -3 -1 -3 
342 1 -3 -1 3 -3 -3 1 -1 -3 -1 -1 -2 -3 0 1 -1 -3 -3 3 2 
343 -1 0 1 4 -4 0 2 -2 0 -4 -2 1 -3 -4 -2 1 1 -4 -4 -4 
344 0 0 2 -2 -4 2 1 3 1 -4 -4 -1 -3 0 -3 1 0 -4 -3 -4 
345 -1 0 1 3 -4 0 -1 1 0 -4 -3 1 0 -3 -3 3 0 0 -1 -2 
346 0 -1 -2 -3 -4 -2 -3 2 -2 1 3 -4 2 2 -4 -2 -3 -3 2 0 
347 -1 -2 -2 -1 -4 -2 -1 0 -1 0 -2 -3 1 0 -4 -1 1 5 6 -1 
348 -1 1 1 -3 -5 -1 -2 -4 -3 -5 -5 7 0 -5 -4 -2 -1 -5 -4 -4 
349 -1 -5 -5 -6 -4 -4 -5 -5 -4 2 3 -5 1 3 -5 -4 1 -3 3 2 
350 0 -3 -2 -3 -4 -3 2 -1 -4 -3 -4 -3 -3 -5 -3 1 6 -5 -4 -2 
351 0 -5 -5 -6 -4 -5 -5 -5 -5 3 4 -5 1 1 -5 -4 -3 -4 -3 3 
352 6 -4 -4 -4 -3 -3 -3 0 -4 -4 -4 -3 1 0 -4 1 -1 1 0 -1 
353 -1 -3 -3 -3 -4 4 -2 -1 3 -4 -1 -2 -3 -5 6 -2 0 -5 -4 -2 
354 1 -3 3 -2 -3 2 -1 -1 -3 -1 -3 -2 1 -1 0 0 4 -4 -3 -1 
355 -1 -5 -5 -6 -4 -4 -5 -5 -4 2 3 -5 2 4 -5 -4 -4 8 2 1 
356 1 -3 -3 -3 -4 2 -3 1 -3 -1 -2 2 1 -4 -4 2 2 -5 0 -1 
357 3 -2 -4 -4 -3 -3 -3 -4 -4 2 1 -3 1 0 2 -2 -2 -4 -3 3 
358 1 -3 2 2 -3 -1 -2 5 -3 -4 -4 -1 -3 -4 -3 0 -1 -4 -3 -3 
359 -1 -2 1 4 -3 0 -1 0 -3 -3 -1 0 2 -3 2 0 1 1 -3 -3 
360 -1 -1 0 0 -3 1 1 1 0 1 -1 -1 -2 -1 -1 1 0 -3 -2 0 
361 1 0 -1 -3 -3 0 -2 2 -3 0 0 0 -3 -1 2 2 0 -4 -3 0 
362 -2 -3 2 2 -4 -2 1 3 -3 0 -4 -1 1 -4 0 2 -2 -4 -4 -3 
363 -1 -4 -4 -4 -3 -4 -4 -4 -3 1 2 -4 2 6 0 -3 -3 -2 3 0 
364 -2 -2 -2 -4 -3 -3 -3 0 -2 -2 -1 -2 2 4 -3 -2 -1 9 0 0 
365 3 -3 0 -1 -3 -2 -2 0 -3 -2 -4 -1 -3 -4 2 4 0 -4 -4 -2 
366 -2 7 2 -3 -5 -1 -1 -4 -2 -4 -4 0 -3 -4 -4 -2 -3 -5 -4 -1 
367 -1 -4 -4 -4 -5 -4 -3 -4 -4 -5 -5 -3 -5 -5 8 -3 -1 4 -4 -4 
368 0 -3 0 -2 -5 2 5 -4 2 2 -3 -2 2 -4 -4 -1 -2 -5 -4 1 
369 -2 -5 -5 -6 -4 -5 -5 -6 -5 5 4 -5 1 0 -5 -4 -1 -4 -3 1 
370 -3 7 0 0 -6 -1 -2 -4 -3 -5 -5 1 -4 -5 -4 0 -3 -5 -4 -5 
371 2 -4 -5 -5 -4 -4 -5 -5 -4 2 2 -4 0 5 0 -3 -3 -3 -2 2 
372 -2 -4 -4 -5 -4 -4 -4 -4 -2 -1 -1 -4 -2 6 -5 0 0 -1 6 -3 
373 4 -4 -4 -4 -2 -4 -4 0 -3 -1 -2 -4 -1 -3 -4 -1 0 -4 3 4 
374 1 -3 -2 -3 -3 -2 0 -3 -4 -3 -4 -3 0 -4 -3 3 6 -5 -4 -3 
375 -3 -2 -2 -5 -4 -3 -4 -2 0 -3 -2 -3 -3 0 -5 -4 -4 5 8 0 
376 3 -4 -3 -4 -3 -2 -4 0 -4 2 1 -3 4 -1 -4 1 -2 -4 -2 2 
377 -1 1 3 3 -4 0 0 1 0 -2 -2 3 -2 -1 -4 -1 -1 -1 -4 -4 
378 0 -2 -2 0 -4 -2 -3 1 -4 -2 0 -3 -3 -2 -4 -1 -2 9 1 0 
379 -3 -2 4 5 -4 -1 0 -1 -1 -4 -5 0 -4 -5 -3 2 -1 -5 -4 -2 
380 -2 1 3 4 -5 2 3 -3 -1 -5 -4 1 -4 -5 -3 0 0 -5 -4 -4 
381 2 0 -1 2 -4 0 4 0 -2 -3 -4 2 -3 -4 -3 -1 -2 -4 -4 -3 
382 2 0 0 -1 -3 -3 -1 -3 0 2 2 -2 -2 1 -4 -2 -2 5 0 0 
383 -1 0 3 3 -4 1 -2 1 -1 -3 -2 0 0 -4 -3 0 3 -4 -1 -3 
384 1 1 3 2 -3 1 -2 2 -1 -2 -2 -1 -3 -2 -3 -1 -1 -3 1 -2 
385 2 1 -1 -2 -3 0 -2 -2 -1 -1 0 -1 -1 3 -3 0 0 1 3 -1 
386 3 -2 0 -2 -3 -1 0 -2 -1 -2 -1 -1 -2 0 1 2 1 0 -2 0 
387 -1 -1 3 -1 -3 0 -1 0 -2 0 -1 -1 1 2 0 1 1 -3 0 -1 
388 1 -2 2 4 -3 -1 0 2 -2 -2 -3 -2 -3 -3 -1 1 0 -3 0 -3 
389 0 -2 2 4 -3 -1 -1 1 -2 -2 -2 -1 -1 -2 1 1 -1 -3 -3 -3 
390 3 -1 0 0 -2 1 0 1 0 -2 -3 -2 -2 0 -2 0 0 -3 -1 0 
391 0 -1 0 -1 -3 -1 0 1 -2 0 0 0 -1 3 1 -1 0 4 -1 -2 
392 1 -1 -1 0 -3 1 -1 4 1 -2 -2 -2 -2 -2 -1 1 0 -3 0 -2 
393 0 0 -2 0 -2 1 -1 -1 -1 0 -2 0 -2 1 0 2 2 1 -1 0 
394 1 -1 1 0 -3 1 0 1 -2 -1 -1 0 -2 2 -2 1 2 1 -2 -1 
395 -1 0 0 2 -3 -2 0 2 -2 0 -2 -1 -2 0 -2 2 1 -3 1 -2 
396 1 1 0 1 -3 0 0 2 -2 -3 -1 0 1 2 -3 1 -1 -3 -2 -2 
397 0 0 2 2 -4 -1 -1 4 -3 -4 -4 0 -3 -4 -3 0 2 -4 -4 -3 
398 1 2 1 3 -4 0 -1 0 -3 -3 -4 3 -4 -5 -1 2 0 -5 -4 -4 
399 -2 1 1 3 -2 -1 -2 2 -3 -3 -1 1 -3 -1 -2 0 1 -4 -4 0 
400 -2 -4 2 5 -5 -3 0 2 3 -5 -5 -2 -5 -5 -2 3 -1 -5 -3 -5 
401 -1 -2 -2 2 -5 2 4 2 1 -3 -5 -2 -4 -5 -4 0 2 -5 -4 -2 
402 -2 -5 -2 -5 -4 -4 -5 -3 -3 1 1 -5 0 5 -5 -3 0 8 2 1 
403 -1 0 4 -3 -4 0 -3 -4 -3 1 0 -3 0 -4 -4 1 3 -5 -4 1 
404 -1 -5 -5 -6 -4 -5 -5 -4 -4 1 0 -5 0 7 -6 -4 -1 -3 1 3 
405 -1 -5 -3 -4 -5 -4 -5 7 -5 -6 -6 -4 -5 -6 -5 -3 -4 -5 -6 -6 
406 3 -5 -5 -5 -4 -4 -5 -3 -5 3 0 -5 0 1 -5 -3 -2 -4 2 5 
407 -3 1 -1 -3 -6 8 -1 -2 2 -5 -4 -1 3 -5 -4 -3 -3 -5 -4 -5 
408 3 -4 -5 -5 -4 -4 -4 -4 -4 0 0 -4 5 3 -5 -3 0 4 -1 2 
409 -3 -3 -3 1 -6 -1 7 -5 -3 -6 -6 -2 -5 -6 -4 -1 -3 -6 -5 -5 
410 4 -4 -4 -5 -3 -4 -4 -3 0 2 -3 -4 1 -3 -4 -1 2 4 0 2 
411 -5 -5 -6 -7 -5 -5 -6 -5 -5 -5 -4 -6 -4 1 -6 -5 -5 12 0 -4 
412 -5 -5 -6 -7 -5 -5 -6 -5 -4 -4 -3 -6 -3 6 -6 -5 -5 11 1 -4 
