15
15
15
15
12.92123
11.28636
9.423478
7.432675
4.871818
3.032306
3.85191
5.201346
7.322647
9.635829
12.07124
14.00839
15
15
15
15
15
15
15
15
15
15
15
15
15
15
15
15
15
15
15
15
15
15
15
15
15
15
15
15
15
11.95275
9.484541
6.877719
4.242109
3
3
4.133007
6.667152
8.362274
9.480475
11.09446
13.57604
14.89576
14.58108
14.23416
15
15
14.80181
12.21056
9.27689
6.646878
4.20103
3
3
3
4.517383
7.119326
9.78213
12.23399
15
15
15
15
15
15
15
15
15
15
15
15
14.42866
12.55103
10.38954
7.999267
5.728665
4.16427
3
3.547213
5.532059
6.776485
8.867167
11.27666
13.96005
13.48462
13.51241
13.28596
13.19994
12.64044
12.06731
12.69813
11.67776
10.4281
8.758444
6.882764
5.565401
4.683919
4.988437
5.461055
6.020352
8.127729
10.38053
12.81304
14.66459
15
15
15
15
15
15
15
15
15
15
15
15
15
15
15
14.48427
12.50872
10.73215
8.870722
6.618633
5.345933
3.278526
3
4.594591
6.684452
8.912253
11.118
12.52946
15
15
13.24812
10.75048
8.47536
5.271568
3
3
3.782173
5.948047
7.836327
10.52699
13.12322
15
15
15
15
15
15
15
15
15
15
15
15
14.43957
12.14802
9.891859
8.274252
7.64051
7.49809
7.842575
9.099547
10.86859
11.9322
13.23038
14.28251
13.03207
10.04271
7.586174
4.367564
3
3
3.044879
6.86766
9.197962
12.07277
14.47393
15
15
15
15
15
15
15
15
15
15
15
15
15
15
15
15
15
15
15
15
15
14.27975
11.52468
8.771751
5.85399
3.409446
3
3
4.63702
7.354837
9.451355
11.60698
13.82676
14.49022
14.82346
14.98081
14.77149
15
15
13.53553
11.14213
8.711192
5.400259
3
3
3
4.848202
7.671202
10.95825
14.02367
15
15
15
15
15
15
15
15
15
15
15
15
15
15
15
15
15
15
15
15
12.56227
10.70097
8.158767
5.241571
3.596997
3
3.316449
6.513725
8.46424
11.00762
12.97497
13.48318
15
15
14.18271
11.3357
9.713468
7.113798
5.227104
3
3
4.884941
7.220507
9.878582
12.16527
14.5829
15
15
15
15
15
15
15
15
15
15
15
15
12.92707
10.87584
8.320528
5.254888
3.556239
3
3.134893
6.40588
8.430533
10.97842
13.12601
13.65213
15
15
14.21722
11.42495
9.856256
7.287365
5.411221
3
3
4.904485
7.305532
9.947985
12.20833
14.6893
15
15
15
15
15
15
15
15
15
15
15
15
15
15
15
15
15
14.30112
11.62075
9.282364
6.161185
4.136183
3
3.444189
6.095245
8.112941
10.19581
12.54514
12.70127
13.85247
13.69406
12.75311
12.16469
12.13663
12.62279
12.92746
13.00627
12.654
9.454652
7.912973
5.244027
3.72144
3
3
4.722751
7.150277
9.750616
11.95716
14.40919
15
15
15
15
15
15
15
15
15
15
15
15
15
15
15
15
15
15
15
15
15
15
15
15
12.68841
10.54023
8.056557
5.366943
3.011501
3
4.1956
6.22166
8.411066
10.79726
13.48424
